ID,W_L,W_R,E_d_sh,N_t_sh,N_t_d,mu_e
879551fa-6402-4990-abfe-b8724f559e2c,4.209959679096937,4.482875214423984,4.44923469349742,1.2257503695472266e+23,1.7981601826868196e+20,1.0124848764992351e-07
d2956845-22d3-4ef9-9015-0ced5c4a34f3,4.368314586114138,4.215588009729982,4.333072248511017,2.714552947654331e+22,1.3264245258522838e+21,1.1763112451292299e-08
1c624ee8-edea-42bc-bfe8-646b2c36b24b,4.468735022004694,4.395112803764642,4.380414109267295,6.023101571405363e+23,3.444209971770349e+21,4.421084386734824e-08
f12f17d3-fa6b-4b9f-a8ae-adf97f275207,4.315490769222379,4.305840736348182,4.239369029030204,5.5241453587354675e+22,6.926221856774792e+20,5.148007417857912e-07
6cb7d18f-083d-4427-b7d2-909fcfec60bb,4.319306266587228,4.492844074219465,4.335737525839359,1.474737603716722e+22,1.4531634352799736e+21,9.96968257581842e-07
dd287cd4-e798-436e-87f8-f137cb98b382,4.464923898875713,4.206786552350969,4.479067429136485,2.1019766400689493e+23,2.938698454543097e+20,8.411663924422048e-08
99a00b01-7a03-4101-9faa-6e9194b7cfff,4.360416055843234,4.405044971499592,4.2339172264002265,9.491685534517836e+22,7.622106352834436e+20,2.278093974708937e-08
3056b56c-afb8-4842-bd0d-8141903e22c8,4.217853718902916,4.297075827978552,4.3533797940053045,3.265756844329436e+23,5.603662417937349e+21,1.9264101309658212e-07
ee1ac683-fdd7-4888-b091-f31ab07ce3bc,4.255876108445228,4.352865128125996,4.442480115201325,9.456219945153663e+23,5.74200566188122e+21,5.329828702941666e-07
8988398d-9279-4975-8bac-7eadf9575e89,4.397392455954105,4.348094231262803,4.3072752487100665,3.174745126338719e+22,4.0687391096628825e+20,4.588859039029836e-08
921f1aab-7466-4564-a062-84c719697b65,4.427947504911572,4.450112483091653,4.389901649672538,1.4432919935671462e+23,1.0948499099192099e+20,1.3116651858777662e-08
14baf711-047a-4796-90d4-e9d0456f3fd8,4.281283882074058,4.248356723506004,4.26231404138729,2.0799704388554078e+22,2.1340935878083394e+21,1.1267765548769728e-07
e596d3cb-3bee-4be2-ac05-d6707a41caf9,4.306553308200091,4.406288301665336,4.40396858079359,4.951972141461106e+22,2.3547765008771393e+20,3.101999227804738e-07
d716c73b-f0aa-4b7a-9ab8-2b1d9bd19398,4.459221064299345,4.289236840792,4.280697271246463,6.069273345141125e+23,1.0128857982997394e+21,2.706341798299602e-08
258e529d-bb21-4c7a-bc19-1e03902dc9f4,4.415338234975934,4.470796388760209,4.4245388802327215,2.390043655289607e+22,3.9058621501965546e+21,7.104098723445325e-08
085a1845-bd69-4222-8d09-0ccbf6a96d79,4.256387377437204,4.231906549539417,4.292634906377644,1.2574584219560103e+23,6.107575417502929e+20,6.184056815436164e-07
2859ffeb-d528-464c-903f-4aff124dad9a,4.219392667897046,4.438611527346074,4.252346078101545,2.4393777480541906e+23,5.088772000931199e+20,1.6620605217576927e-07
fc310029-721c-4faa-afc6-cd7d17f255d0,4.377334157098085,4.265273450408131,4.367492350842804,1.2693316867124835e+22,8.255851407015906e+21,1.4730773281980848e-08
41373568-792f-4486-bebb-b3b54870bede,4.497225139383227,4.383405188005417,4.321174543630332,4.964948341245751e+23,3.068404045604306e+21,4.081121144324916e-08
d577577d-7f4e-4a12-b963-92ff61464c46,4.343548013828695,4.3133019737899305,4.461203558165581,6.2362619687689114e+22,1.3693321641895807e+20,3.62522356241043e-07
87b6475f-1f16-47f4-9bd8-bfc67996aa39,4.334931563213468,4.3700253836810585,4.269699724577367,1.7580920750289975e+23,4.776496188505633e+21,1.641990310040446e-08
7302e17a-7d6f-4754-95a1-b2ed8324d051,4.487088341172784,4.327994522731752,4.413030091822147,1.895727506447392e+22,8.941120854502716e+20,1.386171359951817e-07
60a10781-29f1-4772-99db-419c0c85cda0,4.385199914406985,4.432079868111759,4.297855589464307,8.637996534652975e+23,2.49380495005555e+20,3.7519827637518066e-07
ed5f4bc9-0913-400b-9e69-40737afe3e16,4.230280237644911,4.268137385509909,4.41731868494302,3.858512620556019e+22,1.7123495742683234e+21,3.174562062331549e-08
42d44f87-424c-4075-989b-29e09b3caa5f,4.267111436370761,4.474821756687016,4.376490416303277,8.373404722443709e+22,1.8773179282663405e+21,2.8009842545314306e-08
ce7b8f73-c24d-4fb2-84d6-cbbd1f6b2bd9,4.423370071314276,4.226577520743013,4.241285023875534,3.850448436517454e+23,1.2445567173736058e+20,2.4129263640222126e-07
54156d95-3ae3-482a-b0e1-1bc3246e347d,4.44891818035394,4.422215524502098,4.453919855318964,1.7348640568536822e+22,3.595252960068858e+20,6.893191570307084e-07
a20cb1f9-0df3-4f1e-8299-69f434f091c8,4.298100361693651,4.27698642583564,4.326331781148911,1.8585020327479853e+23,6.497517919807396e+21,5.924847997389414e-08
ad7d862f-76c3-4ecd-b1bc-2ba3aa177583,4.28909012787044,4.454269462544471,4.468038608133793,4.384839592129146e+23,7.197297536072487e+20,5.1092971773284495e-08
e2b36544-2777-47c9-871a-19972775ce4f,4.438885426428169,4.243159297294915,4.344766834639013,7.361185922093649e+22,3.314604843952808e+21,4.460139778075442e-07
4d606218-727b-4134-9555-4579e1f2ba47,4.388872129004449,4.368630993738771,4.3586327432468535,2.8729368562207927e+23,1.1882719028483447e+21,1.1701149443037062e-07
517e252d-b691-4430-ad35-cce8edd907c0,4.245652328431606,4.335682450141758,4.226728241518139,1.123546028769767e+22,2.0074318423402414e+20,1.0191526445138337e-08
69e46390-4f4c-42d7-8b04-fbc3911fd5c7,4.207500483188778,4.391524400375784,4.316241049952805,2.90812461783581e+22,1.5496953258175932e+20,8.735232518341478e-08
14785099-aa56-4926-8637-a9191191bca6,4.352022620849311,4.311627619061619,4.431387848630548,1.1447651839379515e+23,2.711568256438456e+21,7.746324972019802e-07
3f85bae0-fea7-4ffa-a91a-8f1c5567a56b,4.475734939612448,4.4864646169357005,4.255061610937118,4.51832353451402e+22,9.38489385263907e+21,2.14490065537509e-07
a9c54751-f20f-4e4e-8c52-6b9de93c63e5,4.327241979259997,4.209802698343992,4.3950910913571715,7.368297715243133e+23,4.476720799951881e+20,1.9063599322973927e-08
028c158d-4e5a-48c4-829b-353791a6de3c,4.328295818902552,4.380630432721228,4.310193574856966,3.66155358111053e+22,6.308910357653649e+21,3.462297429473702e-07
3ec0e7d8-db22-4c95-aece-afa9215f235c,4.474978610593825,4.319591220840812,4.437527253646404,8.198714768815434e+23,3.7386900984912406e+20,3.9773982839336055e-08
b703a536-2afc-4282-9bd1-81e9a702623a,4.350398543570191,4.440524263121188,4.257107273582369,1.7993769972049786e+22,1.041710953676602e+20,1.5152143169706848e-08
bc2ea57a-f547-4b28-9aee-960661dc4e7c,4.208826978318394,4.257500188518316,4.393073882069439,1.6684164364594097e+23,2.2644939991460752e+21,1.7367297548540317e-07
fcb1917b-2f67-475e-b6d1-21207d65e28e,4.245822970848531,4.464507146179676,4.465987552944571,1.8220538462255698e+23,1.4212421818322623e+21,6.476440548762107e-07
769279c9-f5a6-4b7b-96aa-5e9269a4e1d1,4.388403904438019,4.234681318234652,4.346778899338096,1.701242303519255e+22,2.9761236655154214e+20,7.290880445271705e-08
a63fae2e-a9df-47f2-ad8c-bfba3230a8ac,4.436973243579269,4.4140615501441065,4.364675073754043,3.775940818270497e+23,8.608560628793795e+20,2.6316410161240203e-08
18ea6d05-bc14-4a00-9450-550a2c53cb82,4.291299821343273,4.287324100546539,4.220583443958312,8.209510582275412e+22,4.91434915750474e+21,2.9692508423232283e-07
6558de0e-0fc5-4b92-827c-54a81625b6d0,4.29649917203933,4.448216908983886,4.378539798278362,1.1002998816804857e+22,5.3513650658768716e+20,1.078480972572282e-07
665a2803-5706-4f31-b0ab-d4ab25d2b7c2,4.450230943132192,4.256110517028719,4.239272525738924,2.814024371617723e+23,7.784812306053378e+21,1.2753708180490523e-08
39dab284-4b56-4edd-a880-9ae186868d49,4.42436440223828,4.355657062958926,4.44787609955296,7.210524812465644e+22,2.794254998432458e+21,4.7091788882058455e-08
ccf7c5fb-a819-4311-8ed0-8938f123b056,4.266405460797251,4.341785533726215,4.33247589731589,4.2942514180921444e+23,1.491053328984073e+20,5.581432102944277e-07
9e1451b8-f552-480f-a0a8-64f94ce2812e,4.228381788264961,4.397291164565831,4.275746766235679,6.999972365378741e+23,2.0837715476444312e+20,2.0128140113717954e-07
6c04091e-e635-4332-804c-4dcbec9dc737,4.38738671913743,4.298971397615969,4.406889013592154,4.2934193174119665e+22,1.1543091737729774e+21,2.343093599128737e-08
7c64def7-a17e-43f6-92ae-27c84dc27ca6,4.487208629027009,4.499152776226401,4.295809245426208,1.0878257900080398e+23,3.991344676171038e+21,8.197303042320882e-08
8d397de0-8e82-4561-99fa-0755dd22882e,4.334522848483175,4.203994630929083,4.419334468971938,2.762837713236036e+22,6.027380379902728e+20,9.52095237413278e-07
0d7530b9-ea40-427e-9bba-a08157e44f75,4.344801016990095,4.48455074345693,4.246238845288754,3.331012948562401e+23,1.921633541963875e+21,1.8203078222080467e-08
367e5130-b89c-4f74-88ad-a48ab6c52dd0,4.4956746255978945,4.2175748135894535,4.373572989962995,9.679486819472034e+22,1.2275307125158738e+20,2.0899375896054586e-07
062f7052-dc24-480f-95fa-4cf02b175a62,4.376650819368661,4.3942980179563165,4.323160448558628,2.1434806215809627e+23,3.186868229398039e+20,7.966262021761644e-07
9fcd9004-e115-4415-8ca6-40f8b9905194,4.220373587775976,4.305337225366384,4.459127582982183,1.504158732699343e+22,7.400537369554557e+21,9.125704896504989e-08
6ac5603a-74ef-4263-bd0e-86e65499d363,4.258524150028825,4.360858882963657,4.401985712833703,2.191882338557945e+22,4.3423868461187906e+21,1.0671087669182726e-08
7eb124b0-eb66-4f7a-bbbb-8773fbde0688,4.413499044533819,4.337596337031573,4.282776531353592,1.5206019720823315e+23,9.741425940942725e+20,1.2006318759368023e-07
7e2d8950-25a7-4897-a26b-32d10c4fb401,4.458826404344291,4.460559842828661,4.430649397969246,3.344669844368212e+22,2.6180833043144973e+20,4.3360972187750154e-07
119d6b7a-8fca-4dea-b519-8e6018241dd2,4.306650457531214,4.240385675244034,4.286557304225862,9.964704794440262e+23,1.6155525423161451e+21,4.8896381533495095e-08
10eb8cd9-66df-4b46-8655-e1b903da00ed,4.280504414532333,4.419422447495163,4.444462300799787,1.3236066193114841e+23,1.7492654572942846e+20,5.6705252433987586e-08
f39ebe6a-36fc-4cc5-842d-a06ec75cdfa5,4.429015399329364,4.283293972257525,4.305194562375545,2.5152766192204686e+22,2.3820400586020964e+21,6.701953453456299e-07
a5cc60c9-d288-4443-bde4-aba5b1cf72e2,4.398778210021556,4.476716188620776,4.383790697529912,6.387091197851094e+23,9.17361845289986e+21,2.4760301549542904e-07
dcbdcb1d-6cf6-417d-98b5-5ba15bfe3484,4.254201999027282,4.218822576105595,4.268389969356358,5.212260518892866e+22,4.5413672688344485e+20,2.932990371273099e-08
19aa284a-67a7-4a4c-bf0f-95de03699b16,4.217372083291411,4.4257723082788285,4.34184333242476,6.3681533231278525e+22,6.85179322463268e+20,3.316700760692374e-08
f2b78b14-b84b-48b2-aab3-b6f0aee8b550,4.360609336104244,4.270930458046496,4.47298610765487,5.068777700767072e+23,3.5112286553295636e+21,3.858781845350515e-07
cc3fbd1e-de5f-45c5-a1aa-124ce1196288,4.467184268217534,4.377780332788825,4.231929647289216,1.2958373384172188e+22,1.3063288650313745e+21,1.35074564023685e-07
e28a068a-e98b-425f-b9d6-afcbcd94d838,4.317334324121475,4.3261001042090355,4.355455334782601,2.49087079964333e+23,1.8414767889597894e+20,1.567981886326928e-08
a3d9e05a-76ec-46ea-a416-182b4cb7f915,4.316471653338522,4.434592395834625,4.455346327517182,8.679961365778227e+23,5.487249849221594e+21,3.037447188866632e-08
bac46957-8af5-48c0-8b5e-095287f19e89,4.468051648512483,4.260943035129458,4.326997002419084,3.4567238901530416e+22,7.708963342287591e+20,2.569258671856494e-07
817836d7-44ab-4689-9ee2-bd4dfb229f8b,4.366764036566019,4.386563871335238,4.378432605545968,1.3486692707185861e+23,2.8648370572435302e+20,7.475256414355387e-07
b6260acb-d33a-4c42-a47b-7e5e795524be,4.211212646495551,4.316149373352528,4.24145039724186,2.224649357512667e+22,1.4763992565921397e+21,6.30882674812543e-08
74faffdb-6287-4d3c-b4b8-a222f30e2ba0,4.248061010800302,4.410618703532964,4.298471248727291,1.3666740236831775e+22,2.1792147172139559e+21,1.7488951018925753e-08
4c43a9ba-bd99-49a4-a973-68484094e2f0,4.404914739076048,4.293255967833102,4.418695537019521,2.2694553702103457e+23,1.082438379828592e+20,1.502798850974953e-07
f3ab45ef-e8ea-4349-9932-6796aa99b897,4.4299009432084855,4.46794899366796,4.269783735666424,8.954584188131164e+22,4.173344879961187e+20,3.9961932081828734e-07
b07176f6-fac1-45de-b36b-71d05cd81bd5,4.279623285122216,4.2287478796206415,4.414890984650701,3.463586972521217e+23,5.651241045872926e+21,3.441597199330191e-08
17c97bb5-eb23-4885-b706-dd6f783c50ad,4.3081130518577995,4.352068590279669,4.255984705742448,2.6105243791717892e+23,6.261518205489678e+20,9.469351969165692e-08
d8f8c62d-2c1a-4e79-a895-2df2792023f2,4.457368188723922,4.347572347149253,4.396267624590546,1.1867813986667281e+22,3.8422312871517823e+21,8.249939205711822e-07
09724495-02c4-476f-82d5-4d261c9176b1,4.407916796207428,4.451806099154055,4.3166484277136625,5.4089689967229545e+23,1.0337926049487203e+21,2.325201035732634e-07
61ed8aa4-5248-4069-9987-f585068324b9,4.264101903419942,4.2503249933011835,4.43306422976777,5.727545780053258e+22,2.3269372168436534e+20,2.0303347362243733e-08
8689689f-f194-455c-9ac0-51261e4b5918,4.225932891480625,4.493365962803364,4.359727918077261,5.248994229349838e+22,1.3357597988515534e+20,5.4400396371168724e-08
0e3bbdbf-dc51-48ff-be61-4aab20da0bd0,4.3710867435671386,4.20758310360834,4.227570036035031,5.722614493146632e+23,3.119439457357809e+21,4.836416210398034e-07
ffd1ab6f-e9b3-48ca-a35b-1bc0dc268d97,4.49419824751094,4.403076688293368,4.469665431138129,2.5790253045656754e+22,8.089455624672956e+21,1.2458384810475466e-07
d32bd631-b8c3-4b7b-aa08-14459e1fd7fe,4.346282068826258,4.2953822074458,4.345124588403851,1.1646619511420775e+23,5.150016583049284e+20,1.1051133268155707e-08
741096a2-f042-48d7-b38a-bf3f57cdd4d9,4.337738710641861,4.3885122774168845,4.38923782799393,7.89957593585145e+22,1.6707787770049258e+21,5.005438562755924e-07
8a2c11fc-aead-4064-a985-afee4257be85,4.483988057356328,4.308926770929247,4.260888037011028,4.083697774810294e+23,2.531633287389281e+20,4.2315424227052755e-08
5842ce07-3189-4b06-99da-3009d4c410e1,4.3788793995045125,4.490337197016925,4.442316201478243,1.6077409809703016e+22,8.763687291837332e+20,1.2318545561803173e-08
4a7f011d-26ee-4a48-8fe6-8489407505ec,4.236893844231964,4.213986553251743,4.305333467237651,2.0065810770973363e+23,4.827362226236302e+21,1.0390573739621336e-07
35a8d976-4379-41ab-ae5d-f380f1a84afa,4.274899068195373,4.456970297265798,4.232536812871694,1.642832640863489e+23,6.659653486230452e+21,9.196134578547312e-07
8bbed622-9066-4c6a-82ae-2e175b05ed1b,4.4158752540126445,4.246171415783465,4.352761629037559,2.02759040813514e+22,3.5417798755768454e+20,7.897616938226083e-08
6d8b75a7-1b7d-4eac-ba5e-b870d51caebe,4.446992207877338,4.364447143301367,4.3338731354847555,7.928898624046885e+23,1.2698442372143381e+20,2.1012995839989017e-08
493e1fed-fe48-4083-92bb-d8d53d232a60,4.2997334928251805,4.331809883471578,4.478980848416686,4.2012234495773244e+22,1.8576667318167604e+21,1.808653237172638e-07
d1405941-c2b1-4624-b3fa-3d31d26261b6,4.28750291839242,4.4732745579443876,4.319998478218913,3.1380683239141222e+22,2.0469249032111374e+20,1.5605722435911343e-07
1437432a-2691-4e92-8128-3bfc88fad6c7,4.440765767823905,4.224755659326911,4.460281862951815,1.06028519188933e+23,1.1750900418011959e+21,1.3588528574324701e-08
6bc651fe-da24-4989-b1ad-ac17bf66e8f3,4.396321033593267,4.422865653969348,4.250670104734599,4.78934006369722e+22,3.39516784558384e+21,3.831988405290908e-08
532a962b-1bf5-4236-9a6e-660b3e923fd3,4.237910336628556,4.277361892629415,4.367086432725191,6.947441022449223e+23,7.085767727649433e+20,3.3441771029107875e-07
d20cb342-33d0-42df-9d95-ce8170cf94ab,4.200932793784887,4.371847249567509,4.42369458001107,4.776985417077386e+23,4.3900406332809354e+20,2.8607100414158257e-07
a8c02eff-5297-43cc-96f4-56a292ab6739,4.358297500200569,4.329541734885424,4.291536170095205,6.760703911372912e+22,9.48950240554234e+21,2.5418486901577143e-08
460dcd8d-e97b-459e-9bd0-211f3d258df4,4.478789297305047,4.431704387906938,4.40360825739801,3.074499231782781e+23,2.647041096944353e+21,6.551391864015541e-08
995f9f55-6fce-4f00-b9b6-046ed9f98bef,4.324480458442122,4.2674872515723115,4.279066950716079,1.0504769028847101e+22,1.5739765616367246e+20,5.808082585361407e-07
9cfe1ed0-3728-4f97-81c5-4611e88b04e1,4.3226708468981085,4.469662562292069,4.409822190180421,1.0302867154754009e+23,8.02798252912179e+20,1.973426662685443e-07
3433df57-689f-4070-a978-aa0eb3d001e3,4.480602313019335,4.230701773613691,4.27283943850547,3.0221935306499615e+22,5.316053014409362e+21,2.2265942558435584e-08
ff788189-4039-4556-8e90-4f748b1e3509,4.3564472598955035,4.407424982450903,4.4217358666285875,6.630991411356179e+23,1.5376869021033761e+21,8.636511243080448e-08
9e2cf7a2-e5a2-4737-8478-8fc88a285229,4.202779567334801,4.290449057612569,4.293386089205741,4.6958826951731535e+22,2.775897219382056e+20,9.722587199011015e-07
78a2bb34-177d-454e-90ea-f1f4189848ee,4.240783640742302,4.384613973274827,4.2363632395491,6.591622675637964e+22,1.116826059030596e+20,1.136265822317121e-07
d4a0c1e3-a538-4417-a73f-4d2ab000a9e0,4.393441964965314,4.3144398017786445,4.381470966041088,4.5338363641550304e+23,2.0929104672194188e+21,1.3023802318501398e-08
19390aef-fa0d-4b5f-8337-fe756aee8825,4.443607602920383,4.437403320986777,4.330050736144185,1.0060157343857891e+22,5.831487787412738e+21,4.6170296880835356e-08
cf07b6dc-1fe4-47b2-a9a0-6aa83ca5bfff,4.284666767343879,4.264140770025551,4.450275534875692,2.9707670035915345e+23,4.008697763425161e+20,5.303920287085996e-07
27547d0c-3aad-4bf2-bf3d-61c5837d2a85,4.302611949015409,4.406177649088204,4.34816417414695,3.986044313360284e+23,3.6890267744141197e+21,6.147080871967091e-07
a8ad19fa-39c7-4fba-a56e-3f37d7d12d3b,4.444119435735047,4.298284041602165,4.464580519571901,7.505926021373936e+22,6.462251420906823e+20,7.139678513527966e-08
4931b37e-cec3-48a9-8684-97b59ced8056,4.41871193703264,4.49170624455437,4.222500497698784,1.923815564567933e+23,2.2345078605630072e+20,2.6841647448041257e-08
5ccb48a9-5ced-45bc-9b56-9f11960bed58,4.27205662066117,4.2055777732282875,4.362783868871629,1.555243058407958e+22,1.0670659296632415e+21,3.124608040092232e-07
f7cf8e8b-c1fa-4cc8-adca-475265500386,4.235080225020647,4.448900269065052,4.436118211448193,1.9680110198664475e+22,3.022967117026562e+21,3.53140094301647e-07
c171566f-0f27-4812-a252-f2d45119afec,4.3806895519606766,4.247220035456121,4.3115768912062045,1.580391277563354e+23,1.3906472775933123e+20,4.185502785616294e-08
1a64d10b-7082-41ee-b4b3-2c6eec43cc81,4.482141824718565,4.354069905728101,4.391180714853109,4.005354142474884e+22,4.99153281299919e+20,1.4381583698189895e-08
047dad7f-0269-45d1-8cb5-589109578b29,4.339588347449899,4.349228051584214,4.259022322371602,7.765446694234077e+23,8.422888867708603e+21,1.700712057834412e-07
9e8b4ebb-62bf-447f-b264-bf9503e356ac,4.347982389293611,4.36750002829358,4.475926692392678,1.228221616434316e+22,2.45299334979173e+20,3.25157007110863e-08
5d030a67-eb2e-4f29-a9b1-0a40c56f98b1,4.492494522873312,4.334475957602263,4.338944466654211,2.725895981271131e+23,1.7401648562161737e+21,3.6666643474795235e-07
94b67eec-d115-43af-8a6e-55d569d1a5fa,4.372753306198865,4.455409004352987,4.357848333436996,6.03470958622423e+22,4.6768374854898203e+21,1.4230180504626198e-07
fdea8748-ce96-4284-98a1-c62d1a04c0ad,4.224269795604051,4.244369797501713,4.229499021898955,5.5477174948925145e+23,9.126198377211008e+20,1.6010761119596605e-08
4f0d4886-cb2c-419b-8706-cf90d35a6c1e,4.261119308229536,4.4876762632280585,4.302293676156551,5.836502253848451e+23,3.401991295659416e+20,5.973931341808458e-08
8896f3e5-9878-41b4-96eb-9821a2f187b6,4.410905155912042,4.210938809718937,4.447400938700885,5.499494433857688e+22,6.872187405605506e+21,6.843404479241296e-07
8968c14c-ce13-4054-ade2-98acca78c4f4,4.454342675954104,4.390319055039436,4.265957401003688,1.2093171716119697e+23,1.7841270451371762e+21,2.4274086250342754e-07
41ae6ef5-94e6-4634-a825-e1418ce35eb7,4.31113288057968,4.31049322206527,4.386181671861559,2.6541165535080296e+22,1.3101617797102454e+20,2.7869646623994138e-08
a5fadcee-3f15-418d-afde-540baf21b8d2,4.276634393446147,4.433214262314141,4.284154398981482,3.52948485015301e+22,1.2129317218307788e+21,1.012912076493731e-08
04c0d7b8-3ca5-4c61-ab97-03ac216d2f7c,4.432884150836617,4.269342738110573,4.400570218469948,9.104423333687568e+23,1.965582234627991e+20,1.1758151913528977e-07
8d836b82-21c5-4c4f-8f0a-4f8cb6838238,4.401895522791892,4.368889270629734,4.288482757937163,2.312543971685882e+22,7.312799721471134e+20,4.4229502020282106e-07
f19bd1ea-757e-4faa-ba21-0f1231ab3490,4.251085991598666,4.326782882586121,4.428765663225204,1.3894996208420958e+23,3.2598484126931264e+21,5.145835473362855e-08
f6049790-a795-4fc3-9620-e8f6793aab67,4.212915830221028,4.421005027089268,4.37215554876253,2.3460603987301064e+23,9.880821796891798e+21,1.8567695625741858e-08
5d225ff8-9cf7-4041-9c43-7e4742beeabf,4.365064319595694,4.275846876762808,4.247614692468196,1.4254713282632813e+22,4.2548710944933e+20,2.1994413626185297e-07
666c0f4d-b33c-463a-8dc9-89576b6d8ae8,4.469715347886085,4.476028250902891,4.457241823915393,3.645237291830908e+23,1.6386227101311835e+20,7.56167055743301e-07
9b3bc6be-08e0-4c13-bc1f-d730c979cc12,4.314804549794644,4.227708480041474,4.325083959307522,9.17395670571591e+22,2.5652217999159926e+21,8.937076676617946e-08
9af55a19-8bb5-4bd3-a8cb-0b54d2439397,4.320359269157052,4.411013099737465,4.225654539279639,2.444456808954826e+22,3.8580035312115116e+20,5.329081422883509e-08
e8b90c16-aada-4390-bb38-5fb0cf4b7716,4.4641650161705915,4.284662461001426,4.361621656268835,1.2745517612465122e+23,6.059904501691434e+21,4.5895022838616343e-07
873029f6-4a66-490b-a9f4-1ffa0ff7f3f3,4.363592507969588,4.466072873678058,4.34374085508287,4.974145684956258e+22,2.3363931051153005e+21,1.3114811573029103e-07
1becc4c8-3542-4b9a-8e6e-e69f2f123a28,4.214383155852556,4.236487371101975,4.471075013317169,6.263340341900166e+23,1.0004732289589397e+20,1.126934723484999e-08
5799bdf7-3609-48c3-b630-b2cedf4a7a2a,4.252534859720618,4.44318991759792,4.398159342333675,4.942703145829397e+23,3.099721567144013e+20,9.968284840608116e-08
e7ee8a16-25d9-47a0-ba90-d08c6803bd9b,4.400441873632372,4.260552652738989,4.254067262150347,6.04316839619101e+22,1.3770950915313626e+21,8.412843248682589e-07
d58c22b6-7855-49f0-b044-0bbafd969096,4.427315646596253,4.378828375786543,4.434471868984401,2.385111062653566e+23,5.11762940290825e+21,2.2777743352004972e-07
af330c1d-493d-4fd3-9dd3-337adb465ab2,4.2822075624950235,4.3180294903926555,4.315262670069933,1.2522915010152988e+22,8.340128173204425e+20,1.9266804966758368e-08
7d2298e2-c9b5-4569-947f-8140729f4984,4.304987325891853,4.497638467233628,4.416296672672034,9.449352974252858e+22,7.54511397797645e+21,1.6613593553733616e-08
6b7c4dc9-b603-46fb-9dff-7c793e8dc892,4.4604929312132295,4.20213470980525,4.300895961932838,3.1645757295422036e+23,5.5720370707616196e+20,1.4736990566059112e-07
5e388c32-b62d-4a55-bca4-ec7ea1635125,4.4117952841334045,4.400244708918035,4.4119603568688035,1.4419134101543006e+22,1.4449661816797163e+20,4.079399984036007e-07
b191f6c8-3508-4cfa-9d1d-38c613370a6b,4.260224434733391,4.301725815329701,4.272692604884505,2.0737819049059196e+23,2.9090220513822077e+21,3.626753036608054e-08
9d259cff-1a42-4741-b263-527b8eadbb19,4.22339338073507,4.35751296915114,4.32941976878792,1.4761269432486107e+23,1.1084388112855897e+21,3.100690680410503e-08
c3155f92-edf2-4966-ac2d-4ec32254d837,4.3736252708360555,4.343295828904957,4.452945442721248,2.1082776139851943e+22,2.150877024098876e+20,2.7074840626982176e-07
34186d28-bc07-461f-86ab-4d8fbe10d0da,4.498662949539721,4.445458495337516,4.244357242137194,9.498799429803807e+23,5.7871474458820536e+20,7.101102478554659e-07
ce20dec5-f8e8-49b8-9c20-5682a2f33327,4.341818386036903,4.25315297562629,4.375500034801662,3.276178629766683e+22,4.1192276317078636e+21,6.186665802934376e-08
8f786029-78db-41a7-84d9-3258fcbdaeb8,4.331680436711759,4.458850994892418,4.289613266158849,2.9118744293224697e+23,1.1789156295968678e+20,2.802164421531886e-07
52fe947d-4358-4fde-a89f-f03ec430898e,4.490045347809792,4.23843650193885,4.42557985721156,1.14908969301562e+22,1.98268015077174e+21,2.411910005421239e-08
9819de8e-012a-4ead-ac87-e9ecff75836c,4.384513982757926,4.364057324733585,4.277691617365926,4.525186587843591e+23,7.108574226500777e+21,6.896097190588206e-08
d8afcbcf-40fc-4c1d-bb19-01cb89726ff4,4.231260280217976,4.3404079679399725,4.405025309715421,7.3944416133422455e+22,3.288515201530641e+20,5.922351910680182e-07
41c343fc-61af-4220-8e8a-d93d44c15a05,4.268255133368075,4.396252350602299,4.46216518169269,4.378250646869949e+22,9.437507501333742e+20,1.6426821605010043e-07
9a970a4d-5c4c-49a0-b4e4-8eb9735dabb5,4.422518205363303,4.307051231525839,4.318073565457016,7.335061009092615e+23,4.522089538243208e+21,1.3855875206891986e-08
8735054b-e141-45c2-8ecb-441535fa5f63,4.452041131351143,4.481744252890349,4.368501480091363,2.869171843781192e+22,1.5653961990412687e+21,3.753564268510425e-08
69d46d6e-0cd7-447a-994b-45c2c14ba824,4.294685588590801,4.214381513278932,4.24929280905053,1.1193425284667392e+23,2.7267623587252837e+20,3.173224565405862e-07
94b8a1d7-5d36-46e2-affc-04e52382b2ab,4.293146630655975,4.3746746513061225,4.350370172839612,8.370110489344191e+23,2.479918529970132e+21,8.736463277371066e-07
4b6a6ef3-0fb9-49ea-bca8-6d2c84bad86c,4.43512303903699,4.323193549364805,4.234969988036901,3.841151013707078e+22,1.695166315223794e+20,7.745233832704832e-08
705cd8e6-fe0d-438f-abda-0aa3d9dbd60c,4.390216955915093,4.427427305839956,4.476041821632535,1.7345790956695396e+23,4.72855677340138e+20,2.145202550407333e-08
bfa0005c-2399-49d6-93df-8934476f84b8,4.244013395067305,4.272931067738682,4.336774535533041,1.8535905117529277e+22,8.891318848960034e+21,1.90609161696207e-07
25f1e2a8-b4ff-4a05-838a-58dd03376eea,4.205990863032639,4.479617584124208,4.263319203350693,1.7584210052368854e+22,3.6237941856732127e+21,5.110017188191229e-07
fbe4e59c-9d5e-40bb-88bd-ea2acb0ded79,4.353240414429456,4.221923099365085,4.386844413336367,1.9007083701802663e+23,6.578589083030081e+20,4.459511565657146e-08
06659e0e-2f34-4953-91af-2ab193fef786,4.472099577728659,4.417416697461158,4.308232904952019,8.641275007806482e+22,1.9007448097288172e+20,1.1702796080114181e-08
4897e0dc-79e7-4baa-b24e-e15806aab7b4,4.331169158779085,4.2816338332369925,4.439375169742853,3.867904189204299e+23,1.2544387933994174e+21,1.0190091926178213e-07
d2d163b2-9f0e-4b48-8fb9-eecf371bf903,4.3300865683704615,4.417074911110103,4.3619507179223005,1.2483421431795104e+22,4.883685109770519e+21,7.669320073584008e-08
290e5028-59a3-42dc-b93d-d1fdb8abe137,4.472893532272428,4.280946149770171,4.2252220187522465,2.3939805320269387e+23,8.506963863359564e+20,8.74401464452158e-07
33090033-9cbc-4c7e-a358-ab3208a36d80,4.352547135483474,4.47905614329502,4.471380409765989,6.134224067439923e+22,2.9447043990488865e+20,1.883170258019357e-07
9fc3a73c-59fe-4728-88f4-9ab5942adbec,4.206972713023425,4.221162244677544,4.343284392338246,4.872030896182067e+23,1.4110015840594947e+21,2.1518900083501848e-08
f0cf34cf-9715-499d-8834-86a144fa576f,4.243804841581732,4.42812013970688,4.25376166569069,6.170203797622602e+23,2.278372275511116e+21,4.5263476885924226e-08
3713bd8e-a159-4036-bc3e-3bd12a31704b,4.390713644586503,4.273278003372252,4.398615386169404,5.0463476624500405e+22,1.0540129757581648e+20,5.080005295228413e-07
9c37266b-c0d9-45a7-b994-e0c417116bfd,4.434727019257844,4.375440655276179,4.314933193381876,1.278595619649149e+23,3.779078680831431e+20,1.0366096849377064e-07
9c2aa1ca-76fa-4ddd-988f-c28de8c79cbe,4.293254437018186,4.3237601405940955,4.434904185626656,2.435334149994384e+22,6.355647705441289e+21,1.1607933930269084e-08
1460119a-7a7b-4ebe-a72d-8439f3d72eab,4.293914487585425,4.482202768977731,4.30031293252483,3.2275261729778654e+22,5.983107400194762e+20,2.3722707273870206e-08
f182a618-4ff0-4b9a-9a53-6cb37746040c,4.45310995420441,4.21522712521255,4.416983037944884,9.636480420180136e+23,3.9486510062231397e+21,2.823452033272145e-07
ee278996-bf61-4a10-8dce-e14ccf81c725,4.421550049167126,4.396637552417815,4.272133240681142,2.1149243132644768e+22,1.1408473182582689e+21,5.838132325922193e-07
a3ab1e11-6159-4928-8ed2-4ddb4bb6a688,4.268925485014916,4.307677045930177,4.412670664358885,1.4706483455216864e+23,2.0710619101873888e+20,6.932878186822775e-08
2eb0c5d0-9404-4792-b828-8258486fad63,4.230777287576347,4.363206562399864,4.453504883926362,2.067209465150213e+23,1.501888804393917e+20,1.4032535450849317e-08
06be627c-87c1-48b8-9314-f1a9df65b8dd,4.38469961117953,4.339944302570075,4.3287097571976485,1.4472988661205057e+22,2.824045218908454e+21,1.6366711817090977e-07
204e5f62-dc11-4e04-8adf-8830719090df,4.489960397221148,4.458220031205565,4.376083356235177,3.212308354615973e+23,7.877848232073734e+21,3.206464153275443e-07
faf3fc14-df5e-4df3-9387-3362daaecfa0,4.332062691170722,4.238046149723232,4.243670957740396,9.314092454010665e+22,5.384914715133893e+20,3.748248058192666e-08
6752a467-4d89-48bc-86bc-9c91e63f95d3,4.342873724084347,4.445868943445385,4.426044084057212,1.12541155040344e+23,1.5967122034120933e+21,1.4716117410239352e-07
ace94425-116a-4755-8923-fc1b8839dcd2,4.497896102070809,4.253762837592513,4.289315850771963,2.8521212879846202e+22,2.6021157875507606e+20,1.6787622415212553e-08
a24e306e-8ed6-4f30-829a-7169db6d39be,4.374346372112631,4.357996588479727,4.4054499421641236,7.24244746461962e+23,9.669844273913147e+20,3.613482101559374e-08
1a3f7a86-7bac-4b85-a73a-867cd9ebf8ad,4.222383849229664,4.344125345349312,4.277354450672865,4.43178366297776e+22,4.2959258499919417e+21,4.131411412933623e-07
838bee9f-9ada-4894-a7e4-a60fd37bc1bd,4.260405165888369,4.399638852942735,4.317649229876697,7.489198199557501e+22,7.488977760398279e+21,2.721924875588509e-07
915cfe55-4936-4d26-8cb4-cfc84333a138,4.411326276976615,4.3013193720951675,4.4625024224817755,4.4704823774385794e+23,3.2068465422644006e+20,3.056596690771825e-08
2996985b-2d9c-4e13-b424-afe56e400689,4.460916203353554,4.496812955662608,4.248828660175204,1.1428826291877936e+22,1.2364547343164044e+20,6.23366452288413e-08
d525f137-e235-4653-911d-fa5fbe0d4363,4.3048524124547844,4.201655096467585,4.36879918847233,2.929361804193585e+23,1.942126133972874e+21,6.984397701481909e-07
17abda3b-9a92-4aed-b230-3c290c4911b3,4.282951554190368,4.378282887395471,4.234251792468131,3.91739121994842e+23,1.822029363233113e+20,4.5522997464322723e-07
250fc8c5-4821-4a68-a743-758fd08f4535,4.42627407386899,4.317243389412761,4.350921432003379,8.53698785183993e+22,1.2969114561470283e+21,5.421126554975795e-08
88af70c7-488c-4b85-924c-abbb78d87a8b,4.401437709107995,4.442864226736129,4.33609593436122,1.8904791512582437e+23,3.489325879410349e+21,1.120316144681841e-08
c7388ab3-db15-42cb-b6e6-6673bd37ccce,4.251836683508009,4.259839866030961,4.476632832102478,1.7689448536752708e+22,6.770941609287836e+20,1.3311366525760468e-07
aeb714cb-423f-4ea6-8cf5-eb3c14807430,4.214838469214738,4.466854968667031,4.387522592693568,1.8636697498919564e+22,4.590444078491733e+20,8.439070039108949e-07
3a94f1c5-079b-4fff-952f-aea6ed806701,4.363434704113752,4.2370288546197115,4.262727993838489,1.7242431316952958e+23,9.241612230756842e+21,9.848412363850298e-08
1997a1de-5b15-4c95-8f11-b26a8eab9135,4.464277076069266,4.4117218815721575,4.44009316239506,3.792592744729134e+22,2.396634456821273e+21,1.928345691763858e-08
dca08f46-a6ee-4f67-8962-c036693e9533,4.319949764572084,4.284984145872295,4.307681227847934,8.472589319835299e+23,1.769920143343552e+20,2.2554492231140542e-07
6699c646-95d5-491a-835b-69aa5db444d5,4.313785761315375,4.475612939056009,4.273525709826499,2.9600969577527236e+23,5.718716168794768e+21,1.1961214768120965e-07
8d2be926-4dc8-4a0d-8a90-8de9bde5a298,4.470445502735674,4.227094326540828,4.40923875881359,1.009066044269905e+22,4.1995366145575256e+20,1.0047035759276648e-08
cbb4b476-b652-46f8-9638-d28351a71ae7,4.364306668750942,4.420516544021666,4.294095994736999,4.598999407332727e+23,1.0902972328678824e+20,5.222946103348961e-08
5a4fce35-e12c-4de0-8448-1afafea31a8d,4.213962054345757,4.275013068784029,4.421176408473403,6.494515421573625e+22,2.2024721038902986e+21,4.396983663925583e-07
281bcda6-463c-4af5-9187-80030f46f728,4.250941810011864,4.369508573412896,4.380760614480823,4.629388849999774e+22,1.4591715396622158e+21,2.172987384150564e-07
1c5e06fb-4b35-4397-8d86-e55ee1b9d153,4.4023278373293575,4.327203344833106,4.236922524813562,6.729956395445362e+23,2.8473945986501155e+20,1.8625620129808384e-08
9637b127-eb58-4435-8f29-d8ea1bf4f749,4.432424329128116,4.434053220693022,4.449589094538242,3.0330066551335056e+22,7.652254332209368e+20,8.849462725078444e-08
9b64954b-65b7-4ff4-a30f-3f46c6290b42,4.27680599950254,4.269836370460689,4.330633717607707,1.0271821257658252e+23,5.428591083623199e+21,7.568222851299239e-07
2783c328-9913-447d-b254-81d51368c705,4.31042558150366,4.3908510966226455,4.4641480929963295,7.655367951176515e+23,5.205708876443576e+20,3.7050812438970797e-07
889487fc-34d6-4fb0-8fc3-7c01fc186441,4.45534769911319,4.311265304032713,4.348493637759239,4.065198339950435e+22,8.149329551524275e+21,3.246957598691557e-08
b5ae16ae-5318-4a78-88e3-5e4aa2224d6a,4.409872627817094,4.4879885072819885,4.362327808085829,1.5860705843719053e+23,3.1385779580315616e+21,1.621492975977956e-08
302883eb-7b82-4ab6-a1f4-6ceb86a1b80e,4.261854034010321,4.211637577414513,4.2228059880994255,1.9620489857538783e+22,1.3515195800388256e+20,1.4178078120320102e-07
9e96a300-c2b4-45f4-8bfe-90ca08b03126,4.223851174861193,4.454631773103029,4.312033275011927,1.549688174214444e+22,2.3023867299582558e+20,6.746101527608309e-07
261eb7c5-43f5-427b-9324-b83b3421b49c,4.372874560486525,4.243832605518401,4.4358127709291875,1.9296089828418156e+23,1.0263324267520497e+21,6.005781307972128e-08
84541b76-0217-4543-8d8e-7896580b052a,4.492345770355314,4.366796110197901,4.259454794954508,7.61365317592897e+22,3.8182987217313244e+21,2.7411675464802808e-08
96440ea9-8837-45ae-9fd9-a2d59475800b,4.348428443446755,4.334158564265818,4.3908515781350435,3.9274030812512386e+23,6.187580284688362e+20,2.445843652045354e-07
f8c70e63-fa3f-496a-98ba-61b949e568b8,4.340561003051699,4.354407400544733,4.339496067725122,2.6696800009873263e+22,1.869068831531611e+21,7.193901508046014e-08
d2442995-0762-48ed-aae5-3999bcd454e7,4.481457661930472,4.349910871312022,4.475208650827408,1.2029534950667614e+23,1.2848296729519756e+20,6.046067846809184e-07
48cb33af-b8b2-4cbe-81e3-35f32c267e00,4.3814927657134835,4.449457418359816,4.230090186372399,5.433777075035518e+22,3.580078236088419e+20,3.1412666467801545e-07
6c87e591-ca0d-4463-958f-e36932d29998,4.2339885832741855,4.2479760264046496,4.357170074172318,5.910465433250143e+23,6.708940160347952e+21,2.646000127976218e-08
4590b904-8ccb-4b90-9129-90da5ebceb63,4.272155239339918,4.491027429699898,4.4468098212033516,5.614762015937046e+23,4.797280948298217e+21,4.170177699135821e-08
ae2e58ec-f843-451a-a4a3-75a2cd32daff,4.4183250401169065,4.205244284402579,4.302972259409725,5.9593535636231586e+22,8.660180410923454e+20,3.576433484099671e-07
b9363743-207e-4a05-b4c6-cfbca460e2eb,4.444625390321017,4.405425664130599,4.385630398653448,2.7100769673495154e+23,2.5049248616058932e+20,1.6982996514146852e-07
78d2f442-41ec-4115-a836-40e984b5c4bb,4.302394350897521,4.297730897180736,4.266675485670566,1.2347071003923795e+22,1.6587230410434714e+21,1.4532263472054233e-08
f36d9165-32b5-4bb1-b5a5-ecdfc1860f7c,4.285328076593578,4.436930785886943,4.400272461175919,9.284969830349352e+22,1.585401747523487e+20,2.228523784002044e-08
dd2dfb74-4eb2-4558-bfa0-390974fda57e,4.44264871487394,4.263281711284072,4.284618471823633,3.599660552374245e+23,2.6752872611711974e+21,1.9540801903821698e-07
a2a8c097-917a-405f-8064-eca2feeadbc3,4.394519912917167,4.38421475244686,4.428428342528641,1.417176810520243e+22,9.602844117136333e+21,9.752917490196556e-07
ac73bd12-5291-48b0-a515-f1f1a6e08596,4.240003354288638,4.313800540566445,4.288907048478722,2.3584866978040564e+23,4.4176099236758526e+20,8.53263541419615e-08
a2fa8dee-bf43-4a58-b936-a4747d0725e5,4.203152768220753,4.408280036319047,4.247951841242611,1.3976194883432345e+23,7.033653714793189e+20,1.2947340460829866e-08
59a39a00-15f9-4430-972e-d17c0de736cb,4.356371566280723,4.29091758672148,4.371730809286237,2.3004222456758845e+22,3.3588785321455984e+21,1.1532929078301142e-07
bb66cdad-e2e8-4500-a7ef-a1256978cad3,4.480797055363655,4.470297817513346,4.325381263792515,8.995808376920804e+23,1.161373600933069e+21,5.260938405430479e-07
c4d0cef4-543b-4b0a-a5fc-781d60e60664,4.322178657632321,4.231096989568323,4.456777583025397,3.5741387296320277e+22,2.0344541763515623e+20,4.696765300057459e-08
2fa28d8a-7d9b-452b-bbdf-f795023fe81e,4.325201313849539,4.4308742986992,4.327580307871103,3.513306023052894e+23,4.0332562325565637e+20,1.3823357535243553e-08
f351758f-dc72-487d-8719-33e461f0c8b4,4.477780092135072,4.2670030605979266,4.454660182110966,8.822820967533675e+22,5.90034062091979e+21,1.547935352618551e-07
4669055e-424d-45d8-b87b-e72d6824b1b3,4.359352449327707,4.3712368159554895,4.242009977437555,2.261343937097671e+23,2.1155242616557074e+21,3.394327982077959e-07
8478e27c-56ce-4487-b0d8-cf76965b6979,4.200166129600257,4.329130714014172,4.3777225779742,1.3707937932605733e+22,1.125101989065985e+20,3.80951537377316e-08
1ef9693c-cfcf-47bf-a396-f7245b7c6b0f,4.238333926163614,4.423344695661217,4.418136373795569,2.2326481652058167e+22,2.7585828991481895e+20,2.51125914389651e-08
dc7ef389-98b0-476d-8c49-19a6f933f893,4.396185865346342,4.2781868314370515,4.299181478247046,1.3445816696714353e+23,1.5195429286779706e+21,2.869603703977474e-07
b8124044-a0a7-4341-8993-cf1405ec3ae4,4.440946673322469,4.473680428415537,4.414307877272368,3.407716707230704e+22,5.259920026732329e+21,5.751104023855424e-07
ec349893-749c-4297-a411-937384245735,4.2870335133746265,4.225360943656415,4.270470301918685,8.809661195424589e+23,7.970121412537917e+20,6.556998543540925e-08
674cecee-26d3-4334-afaf-8b78057cb545,4.3007289304398,4.3651605027727785,4.39593828689307,1.1688267563530179e+23,8.484117744314456e+21,4.27583196649426e-08
c91635a5-f92f-4633-b857-77d8170dc2a0,4.446294206008315,4.332136145979166,4.256417006403208,2.5712573895687168e+22,5.044760507717659e+20,4.998303863340189e-07
cb406348-b9a1-4f38-9a1a-3e9e00aa14da,4.416618990898132,4.457756969891489,4.432758617326617,5.641592933642954e+23,1.4072639407568504e+20,1.0522961306030742e-07
6d7cccb0-918f-4f04-b200-fa730df43055,4.273857812862843,4.24671747693792,4.317104610539973,5.327326128126313e+22,3.041912932413618e+21,1.2273358214867538e-08
2ae89c05-713f-432f-afe3-9543e3b89797,4.237006087414921,4.490016083791852,4.227875354513526,5.809851185490878e+22,1.0592255278603796e+21,7.78537381689605e-08
b432ef41-7dfe-43b3-9e55-afc4d4737ea5,4.378469505999237,4.213278344180435,4.359271656312049,5.329300592536191e+23,2.2106011486719138e+20,9.245267741266815e-07
887ca8a7-6482-4761-be39-398dc917f18f,4.484443697053939,4.387971366662532,4.345453851036727,1.1825217803955993e+22,6.386900103034625e+20,1.7789435666605717e-07
858141a0-2185-4bf8-8e4b-9079fc1ba7c6,4.337580660916865,4.308145247586071,4.46923283264041,2.6184317651287392e+23,3.666533682865242e+21,2.1172817941023057e-08
aea5ea3a-e818-4b8a-a434-670c1c560276,4.3455883204936985,4.403838114626706,4.261605952661484,4.151092974363546e+22,1.3258216451113478e+20,8.312687735901366e-07
68196471-4512-44b0-8caf-c55094c74f5e,4.495180200319737,4.295944221038371,4.388686352837831,8.029236680455216e+23,1.7953153416948964e+21,9.313803919844288e-08
b7ee5b57-82a7-494f-8baa-d70c91bd7bb5,4.370004112925381,4.494054219033569,4.306011848542839,2.0394441473214265e+22,6.922131349497831e+21,2.0411822807016792e-08
82f5177a-743c-483d-98d6-6cd3260278c8,4.226727377995849,4.207925461605192,4.441724914964289,1.6342164250140758e+23,3.438262625606903e+20,2.292154791305866e-07
d7c58e1b-c78b-4bda-bd68-86366a71ba6f,4.263705995399505,4.451240080688149,4.352083167824894,1.994901370929584e+23,9.019751409639528e+20,4.818674757927977e-07
2e2077ef-04d8-4e13-ae3d-9298803953a8,4.408024142123759,4.249559560976922,4.233127808328717,1.6162588666877536e+22,4.64830419391725e+21,5.509352223224922e-08
a02b2daa-9343-4baf-8c36-8efe7021b772,4.4571601761505,4.351722226291895,4.478262637834996,4.133122131106369e+23,1.727381856926824e+21,1.1035381856447502e-08
cd58af00-2d01-40c7-a692-26e9d11bc2b0,4.308609709236771,4.346880086045712,4.334424534607678,7.800796100129123e+22,2.426753419548798e+20,1.2588779940424174e-07
b0c32a6d-d6cc-4ce9-818c-5d989f02ae4f,4.2786550976336,4.467322607617826,4.459817916024477,1.0443827456602328e+22,2.592937827419631e+21,2.571457619247452e-07
4a99a366-b16e-47ec-a036-7488cdba9404,4.430571835767478,4.228362105041742,4.32029610959813,3.090729531939361e+23,1.650764589981967e+20,3.0076489606785007e-08
adb2d069-767c-41de-9727-a2f2fb0163cc,4.404143177624792,4.409772518835962,4.366662020143122,6.842394303733927e+22,4.280950032601683e+20,6.328439827786524e-08
2367150f-4df2-4858-8496-92333f8280b8,4.249129945412278,4.292796880099923,4.251007547471672,4.717341196358147e+23,9.997514248720396e+21,7.385296923616886e-07
fb4db0b4-4246-4032-8a7e-b1ff48cb23db,4.211128227878362,4.386953650787473,4.291960787530988,6.864438080990734e+23,3.2254285206299995e+21,1.4939854530129832e-07
26b8ae3c-f85a-4a82-b7b2-f5cd1a2953a2,4.367146250791848,4.316779765393585,4.423357553277165,4.850018417384829e+22,7.260096223647485e+20,1.775122491051903e-08
4445d4cc-9481-4f8f-958b-10b92654b196,4.467568758688867,4.435055489558726,4.2795313175208864,1.0664999529172285e+23,1.953316525509429e+20,3.4137287535204907e-08
e49e96ca-a1fc-4d81-9e22-28672d40da57,4.316656812373549,4.261793224699796,4.403310826998204,3.1215645859256442e+22,1.198616250347202e+21,4.0652527905224944e-07
e58f9ffc-bcfa-4205-9c20-3eafc678fdf6,4.318137864209712,4.3770237701945005,4.4379598962143065,8.333354090875457e+22,8.242790166245864e+20,6.636190567449849e-07
ff5f56e1-a146-4ce9-a9f0-97c6c96e88e2,4.466092380601912,4.325542382150888,4.309864391162992,3.721885901591265e+23,5.086459030651097e+21,5.675390734887748e-08
99758c44-9610-4395-9ba7-d7b2e7d0dd54,4.3615821749903265,4.425088915787637,4.39353021889925,1.6958472955693894e+22,1.3669676590999937e+21,2.897687616691864e-08
96d4b90e-a636-47af-af73-8c44d650337a,4.216687531583012,4.270592391584069,4.25680200304836,1.8288616128447315e+23,3.0665918201354256e+20,2.483733254911734e-07
997c9d09-580f-41f6-a12b-eaa4f2e49297,4.254707698803395,4.477268760278821,4.346322729587555,1.6736805341635233e+23,1.0124211183820569e+20,3.916641517100505e-07
346d153e-04ed-4e1d-acd7-4d621c9902d5,4.398560929298401,4.2195739894174045,4.46629327531904,1.7926932544486728e+22,2.3510616940637234e+21,3.2972565797768046e-08
614d7023-70fe-49d0-9104-1bb55b436d5b,4.429113620147109,4.4197553646750745,4.220151249356568,8.076940887771419e+23,6.103888804141946e+21,1.5950752699460133e-08
496faafd-98ee-4544-83db-5211950c7fff,4.280117691960186,4.283972214348615,4.36500442840159,3.714637432886071e+22,3.899169546842268e+20,1.339810921345871e-07
14e9ddea-48e3-468a-ba73-4de226cebec3,4.307728579826653,4.461199675686657,4.238586038425565,2.771596712293263e+22,4.0757769896514594e+21,2.0556118718267252e-07
01e8470d-a6f9-44e5-b47a-d45dced4c6ba,4.458045720029622,4.240785468835384,4.37912294972688,1.0837693204359217e+23,5.745398943254553e+20,1.8341490068363956e-08
93cedd31-7607-4c05-97fe-2e45b0115b95,4.4141606711782515,4.361718514468521,4.331765715740621,4.2295861593428625e+22,2.1374751988422187e+20,8.996027911823312e-08
b018c544-833d-4c7f-8bac-4d9923b257b0,4.257565007172525,4.338069443777203,4.448435337841511,7.10155869229962e+23,1.0953477720444266e+21,8.008805802980332e-07
06cb8871-317d-4903-8b5f-973b13977936,4.220567941199988,4.393903374765069,4.407599151097238,4.358946840389078e+23,2.9404733631847984e+21,1.2159320682419744e-07
c06bc315-d85d-4ca3-b66c-07e4d8d98384,4.376158813387155,4.304702541790903,4.275187199115753,7.107436324118332e+22,1.4556576706202105e+20,1.0631919876928915e-08
69e80bfa-b71f-451e-ac23-b8d0f412b9ac,4.496047580614686,4.484082785993815,4.420020631328225,2.8051551590793393e+23,5.606234380674788e+20,4.9408260134889175e-08
cc4bcc16-8946-42f8-8dea-5285e05cb598,4.344725649710744,4.216720332484693,4.2952260460332035,1.1043900312327406e+22,7.63414970017986e+21,4.329907231902692e-07
a55fcbf4-ab79-4251-8320-aa463c5629d7,4.3337653004564345,4.499987156968563,4.373870527390391,9.838716144531562e+23,2.7097763603811536e+20,1.2735500776062477e-08
f51ca71a-cc4f-4427-9088-be677bc2577d,4.488254383765161,4.204483685642481,4.245774496402591,3.385624709532049e+22,1.546910673038356e+21,1.0897712760908674e-07
6dc47b25-d1c3-46ee-ad14-ce32a6feaa42,4.386368462629616,4.397905889712274,4.459464623760432,1.5288734616213222e+23,4.4743715996864406e+21,5.560946065558051e-07
ff254830-493e-4aa3-884e-f4546fa7d98f,4.229111902881414,4.299387282226235,4.322735942024738,2.1788184178155263e+22,9.369387996890902e+20,4.7691897467366276e-08
919e57f1-e4db-457b-9f02-ca700bfc9c6b,4.265945178642869,4.355164002254606,4.282439164649695,1.4960599659440832e+22,3.308692838384481e+20,2.3556070400511163e-08
89177e19-915f-4429-b1e1-43d2505e1d2c,4.42453612005338,4.340947148110717,4.402410174328834,2.1563154965857613e+23,7.192447725845372e+21,1.9842116297203895e-07
bf795c20-d35f-42ac-8fa8-45a78f82cff6,4.450086730252951,4.447797019500285,4.286259717885405,9.803353056116204e+22,2.0041241600009783e+21,9.593346756938978e-07
d8469f78-d34a-49cf-b661-35e074a1a350,4.296932027488947,4.255491785891354,4.431113424804062,3.2908027101259383e+23,1.1876433035217184e+20,8.06266880450572e-08
cdea7ab7-dc44-44e7-9006-a7336516a232,4.290267834160477,4.413362209685147,4.304643181171268,2.4774219266432e+23,1.2452101528126887e+21,3.945199699283205e-08
6f4c86b1-291d-4de2-8439-4abdf8f8c1be,4.437707938067615,4.2870112848468125,4.445180618409068,1.3036156037106745e+22,1.8804247929835336e+20,3.522123204410144e-07
70a6bde3-d758-4268-b674-8305d1fc4f35,4.387696717120707,4.463734492566436,4.267799084801227,5.133719222677757e+23,6.501814538861672e+20,1.7265482832564684e-07
c14d0106-138a-489a-82a2-279244108401,4.246827533561737,4.234148703888059,4.384469172786922,6.291188797052443e+22,3.601724911760589e+21,1.5379337655638742e-08
b65c9035-4f45-40a0-a98c-661a75db6450,4.20867818556726,4.4408410848118365,4.473577443081886,5.146459649921108e+22,8.955877618646351e+21,7.313563377218539e-08
556e6b6f-20ea-40e1-83f0-cc6ea502f70d,4.35084512969479,4.258203533850611,4.341165027152747,6.465177500986943e+23,4.779024306399963e+20,6.398486839364351e-07
addc0c06-75d4-41c9-9645-dc5b8aeecce9,4.474559520464391,4.381167051941157,4.356006889846176,2.5289094702668437e+22,1.7154092176720694e+20,2.9717983503019445e-07
f9e88b08-3143-4d34-bf23-05617d71d8ee,4.328417176008225,4.320367880444974,4.231211776677519,1.315742661127234e+23,2.4954865028748584e+21,2.6058182301364823e-08
5f3106b3-72a6-43a2-b472-24fbe0fe02f9,4.327129555027932,4.486857543513179,4.4796265918761495,2.067886259641642e+22,1.1524882087067435e+20,4.5244412823743735e-07
48e09573-7b30-47c1-8ce8-ee558e55712b,4.476144652068615,4.210431087668986,4.335027295835316,1.4508972017550473e+23,2.0828155614029008e+21,5.0821458795683596e-08
87f20022-d6da-4b5f-8d09-8b7f580fb1a2,4.351567090675235,4.39199064122513,4.353962900899351,3.2130768459791063e+22,6.017052656341711e+21,1.0361729347796412e-08
216dc017-e709-48ab-9968-76ed6068db33,4.207658642437309,4.312475805915892,4.233230659663677,9.338077663138368e+23,3.988935345046797e+20,1.161282651178439e-07
2599df48-7139-40b1-a2a8-afd3ed81b3ce,4.244656714238227,4.368007754813879,4.306691942773759,3.2267107431351124e+23,7.781273986820247e+20,7.666090108157293e-07
49bd540b-d970-4071-b5a1-f5aa50df6d31,4.3895699542947115,4.3352946728467945,4.443166260123253,9.611863554727538e+22,5.342898755228542e+21,8.74769922375171e-08
13b35a05-ad2e-4c9b-9569-bea8be8d8cf5,4.438141794595867,4.453426424972713,4.261754460707307,2.1142791858113415e+23,1.4901727385815897e+21,1.8823767818121402e-08
fc2aa4ea-3f36-4163-8b90-2cd5d98c9e76,4.290131488256157,4.242698206845671,4.3906116767600185,1.4669675660326224e+22,2.7894299726991566e+20,2.1527969813727714e-07
335172c5-a941-4b0d-aa38-22e3aeb651d1,4.29767687721178,4.421650936547667,4.28039195228368,6.161796266461747e+22,2.9812319110729014e+21,1.4030558361029916e-07
8986afae-4873-4a11-825a-896b5362f216,4.4490534536540505,4.276218418590725,4.404424842074514,5.027730110345653e+23,1.4221006171608801e+20,1.636901725913282e-08
89c85455-3248-46d9-9b26-5dce69362259,4.423188989236951,4.474476823210717,4.2923056432604785,1.2767409137806412e+22,4.922113972859443e+20,3.206012961563802e-08
3298792b-db31-4aef-a0be-61d6f04b4b26,4.267580664809794,4.225882684718818,4.424971478246153,2.4265645511043756e+23,8.612511850242744e+21,3.748775753194911e-07
38cfd763-930b-4030-92b1-488147e2093c,4.229559491761029,4.432842724956572,4.367821688055992,1.2501278100099156e+23,3.740899409219698e+21,2.3719365107506467e-07
1c239c3b-1978-4370-9100-5db1f6e333b5,4.386209229100496,4.268696824181825,4.251913776956498,2.4026870906456224e+22,6.31982321623857e+20,2.823849822053239e-08
76c77b0f-d3f5-45d9-a158-7d2b8be5eb8f,4.486033210996538,4.370715070422738,4.461509170122445,6.142676543083297e+23,2.26552371519052e+20,5.837310773787889e-08
a101ca89-2096-4a2d-ad68-7d459d29332b,4.335698046348989,4.328334305807948,4.320718360319733,4.890003484672995e+22,1.043361639744912e+21,6.933854049761342e-07
820ae12b-d105-453b-82e3-dfc9c90b3493,4.343632613494992,4.383080927655101,4.4137085535191005,1.8651638655844904e+23,3.5088625668864475e+20,2.7223065157127506e-08
d59f90e4-6f18-44a2-a62d-285587f153b1,4.496843106206507,4.312595767434686,4.269108729604632,1.7296553367352157e+22,6.83957226704008e+21,3.056168238941547e-07
dd9a235c-63dd-40bc-a4da-d7577d171531,4.3778169373981655,4.4380674694664775,4.418036896008998,3.7959676446765134e+23,1.840502626542466e+21,6.234539344961677e-07
9aa6c69d-c8f1-41cf-a884-5effb5cfc7ce,4.219207399338484,4.26449392978102,4.297304190825671,8.498430537139399e+22,1.304176436513594e+20,6.983417540495415e-08
803f7ef7-f97c-4bb7-8602-b2433bc7bbdf,4.25735574150458,4.471506601106375,4.240567108709365,3.913995286059677e+22,2.3777597423577062e+20,1.4718181130606046e-08
d2c7ab64-2694-45b7-aba2-cf1310ff19d2,4.414667518995702,4.2322348147630695,4.377041891943663,8.510835710706757e+23,1.748109528473638e+21,1.6785269390529657e-07
d0c030fd-9630-4738-8e51-32783a32aca5,4.459992520697415,4.407071827165782,4.325653400328011,1.8889393986288564e+22,4.5338638402579066e+21,3.613989118607791e-07
6e573cd3-bd03-4d5d-8dcb-9149b2168dcf,4.305484268534928,4.28978490466252,4.454511142317206,1.763434349865389e+23,9.168804591195706e+20,4.130831592605453e-08
58217b5a-430b-4dca-80e0-8e104efd5a21,4.281679685041309,4.450590094272047,4.344342217687517,7.474131652150111e+23,9.746581995004258e+21,8.442631551299961e-08
a8becbca-2866-4040-942b-703fb43f5f49,4.427840053942054,4.249184237234295,4.468375635351986,4.451880932151013e+22,4.349553573734108e+20,9.844257318357472e-07
01f94468-80e5-4314-9fa2-b614c7b87603,4.3976006451062855,4.35326956808567,4.226263875197619,1.1406839240378464e+23,1.6166419381322488e+20,1.929159322947921e-07
d6caf248-0506-45f2-979e-da6a888db240,4.2553796276450155,4.348702090512961,4.358930174130947,2.916914231221989e+22,2.6227612993391485e+21,2.2544980938027557e-08
18404220-c2b2-4c97-a9d6-683dd0523329,4.218547357711941,4.404213451780379,4.431851796042174,1.1275959932810944e+22,1.2295622444170003e+21,4.5542209771653714e-08
e7bfd0cd-2474-4229-97d6-7aff6f293ac9,4.359433993510902,4.2965942119248215,4.315943419057876,2.8642522436141805e+23,1.9226424497255177e+20,5.418839520953153e-07
b79fd41d-6b14-4cf8-872a-7373b3b79455,4.46600671056658,4.492232210095972,4.395515504423529,7.256885565951912e+22,7.413859422138672e+20,1.1207888325491133e-07
3b6221f5-8b24-4a78-b05a-e1ba3fdeb17a,4.3185119611211125,4.206378106400371,4.254724168684334,4.45040256406233e+23,3.1889755303273997e+21,1.3305752742476403e-08
1ecc1e64-1c49-42b1-a8e5-e446539d920a,4.315296234749257,4.395432200375945,4.285850827209652,1.550814765669847e+23,3.1138755532696106e+20,2.1726825107912633e-08
95cb14f8-f955-42af-9aad-b9d41a51a642,4.46922684693709,4.306542651169003,4.429434473067523,1.9358103492053615e+22,1.3348597135763647e+21,1.8628234657415349e-07
12d10ff0-e7b4-417d-aa4d-1b6a6ce7c20a,4.367941740620881,4.483414408564568,4.281514494940638,7.620930404835452e+23,5.141530806078244e+21,8.848221967187682e-07
1e3eecf6-2607-43eb-8ffe-8a894d134a93,4.210035155899823,4.216363238822669,4.401231132484972,3.93912203535185e+22,8.085176278888331e+20,7.569283729437674e-08
04976a53-18fc-4bdf-ae95-e43406c14f01,4.246885598357767,4.459359579719603,4.4578313287347555,7.648160639212774e+22,3.839692210704632e+20,1.1959536489326773e-08
4665e10c-ba2a-4169-a928-df0b788ef88f,4.406089942529798,4.239256647694856,4.322372642196715,4.0530476026230326e+23,6.250266862220664e+21,1.0048445829703996e-07
767a27df-0cfd-4d8a-80ef-3aa6a734fd83,4.431078647822142,4.362075603660196,4.372768818549812,1.5848831567425067e+22,2.3257161352145443e+21,5.222213853789906e-07
fc8991b2-8718-4eb6-86a8-4288a4e49bfd,4.278445796202869,4.338737807795406,4.2449272178113455,1.9558081051175934e+23,1.0320845580323006e+20,4.397600125728446e-08
b1c491c3-ad7a-44f7-bee8-209560a8c808,4.309281602315605,4.4802626352757215,4.35407006457448,4.619771193872737e+23,1.084224877084482e+21,6.743256446160428e-08
4d3d983f-62d4-4e5d-8113-edb79a7a5473,4.456199856195599,4.222293210681528,4.231052824966609,6.702394975857122e+22,2.1803681383629898e+20,6.008315134476625e-07
6782b6ff-d379-49ad-b731-1d3ac83245df,4.406750540155917,4.415864411462098,4.472156396843493,3.027397730357113e+23,5.6613387400872454e+20,2.7400111418173696e-07
bd5e22b9-5eb9-42c6-a294-4a7eced92f46,4.265267952717841,4.279806607402861,4.340506165549159,1.022741007668659e+22,4.176158933180851e+21,2.4468759471261767e-08
041f8b01-ccc8-4d8b-8cc8-e5789bfca301,4.227101439144462,4.374304544460029,4.267717462219298,2.9656472056925973e+22,7.713010815396789e+21,3.7035185782897025e-08
04156a00-87af-4486-9246-76c1fdc9c979,4.369918407127261,4.322548493742943,4.382609742507339,1.0134246658170435e+23,5.496330965794449e+20,3.2483274554110464e-07
eae16d80-9740-4e25-958f-fd6702311252,4.493031983077526,4.429254536144436,4.3040299724042415,4.608511716346979e+22,1.4773755563508806e+20,1.6208089653600758e-07
11cb9779-63f9-4e87-b6ed-21236a813606,4.347448110859841,4.274483349267394,4.443805166892708,6.521313462922221e+23,2.8699941594683503e+21,1.4184062255024694e-08
1ea78300-8fef-4cc5-a496-9f52c05cb78b,4.336561153549701,4.441656013671309,4.221832590568811,1.3981691551242756e+22,9.485148922450704e+20,4.171935513752609e-07
a1bf169f-521e-47de-afc4-63fbe9b21fbe,4.485165693797171,4.258707187883556,4.365416764300317,2.3059897546932293e+23,4.3831150703455413e+21,3.574926763912066e-08
3f179261-e0d3-45cd-94eb-e53580fcdb57,4.380054673366248,4.379491665959359,4.347504224833101,8.997288778653949e+22,1.5730264885511963e+21,1.6990152131684653e-08
243b36c3-2ab8-46bc-a79e-964f347fc43a,4.235718502197415,4.318381219636649,4.467221326325089,3.5836101979143653e+23,2.642505453994556e+20,1.4526142277809914e-07
33284174-9a7c-45c3-8201-e87f90d07d24,4.27372150272131,4.412858569063246,4.39389293467626,9.283235611807096e+23,1.1732309804874954e+20,7.196933821940957e-07
3fd6d9ae-4fb3-44ba-b84a-8524d8fe3fbc,4.4170528831891716,4.286196360457689,4.258433782253414,3.590228487780927e+22,2.0459945262035092e+21,6.043520535715907e-08
168083e8-36dc-48d8-a2f4-f1b75a5f0afd,4.4481674789451064,4.465721148904413,4.438806650806218,1.4166387369940048e+23,7.073532322468855e+21,3.142590215356054e-08
279c5198-e4c8-4232-bb79-f18f5b1ce2d4,4.298558146879077,4.235824076458812,4.310964524131268,2.3527594852083065e+22,3.39316263064166e+20,2.644885663481979e-07
f27b8b01-cfde-4229-bcc9-9e4288717887,4.288669035304338,4.35920136384666,4.420183028262109,5.607529931704969e+22,3.5439190320113705e+21,1.294916280059938e-07
5db23e1c-8bff-46ac-b0ba-d456af3e5961,4.439599578268826,4.345259172376245,4.297165260780603,5.936924424448698e+23,6.671084232886891e+20,1.1531305847724084e-08
cc670e5a-efe8-4939-8a46-cf83f262891b,4.395152624510229,4.44465672718361,4.408261393997819,2.705967537554313e+22,1.858519361624994e+20,5.2616796504325893e-08
be34b010-b1c0-4c0c-82e1-bb97dbd269dc,4.239078811649233,4.252626156248152,4.276610698755831,1.230341978707736e+23,1.2718506609659132e+21,4.696103718560361e-07
4d52bdb8-ed5b-4d60-9ae3-b2b9767a25c8,4.202098911255598,4.495675128232688,4.333623630199582,2.6736984299045575e+23,2.536012366698991e+21,2.228837391644426e-07
00f249d8-b6e3-49ed-a912-7469dc300ef5,4.357131312321871,4.200446310639381,4.448516376372427,1.207238314246369e+22,1.671766136272183e+20,1.9538051417819587e-08
758e6e18-75ec-4d6d-8c30-71ea9bb290fa,4.477620894368738,4.400771532766521,4.2399599140696225,5.440905898424454e+23,4.8350114977874785e+20,9.754291887945031e-08
aaaea7c1-9251-45bb-8261-8b046de8f3ec,4.32564893849194,4.302527579013258,4.379735634494573,5.932659602392649e+22,8.767672411569562e+21,8.531433589187364e-07
09141eac-0899-42d9-868b-75742658ce89,4.323837031424046,4.360505727678538,4.249998309742659,5.821844080809965e+23,1.389917737293968e+21,2.5101997297109303e-07
2465ca6a-f3fc-4ac0-9763-0617a7c53f71,4.4794361921958625,4.336932184081524,4.36971539767459,5.351309661329518e+22,3.01797288997873e+20,2.870814851625878e-08
03df35a2-e0cb-4da0-8930-6a23f2494b93,4.355278780963272,4.462403881642968,4.319334594551474,1.184733486471767e+23,8.417324037370738e+20,5.748678569791906e-08
52373bf9-6476-4543-b753-67a42ffd5a27,4.203947971388698,4.241918716393411,4.4629187857173385,2.6297557393843348e+22,4.98256410913492e+21,6.559764927437974e-07
d9fd2596-7cdb-448e-a8bd-7517a005bc6b,4.241949833650142,4.48521489193663,4.406316589359195,1.1666597865559018e+22,6.451602675709461e+21,1.381752628992279e-07
589c5190-c03d-44be-a9c3-3bf30a547c14,4.392275851406157,4.217927973344922,4.278474480118603,2.5601537133531423e+23,3.6870746991298996e+20,1.5485886889583185e-08
386b38bb-afaa-40f8-bcc1-b43b50347af1,4.442439126782119,4.3927649723365905,4.426379085015506,5.629849318009862e+22,1.0651625583713429e+20,3.3928963806504575e-08
2fe2810c-b059-470f-b10a-adf502304119,4.28583517530933,4.303493191022426,4.2909199190326035,5.305527789033835e+23,2.2330018202085388e+21,3.8111225676074325e-07
60b71660-d604-4917-a89c-c12ea6a53e76,4.30143431648612,4.42629827382043,4.440767367202789,2.2309870430002918e+23,2.0942941244970372e+20,7.784282251871588e-07
3d26b4f7-4c34-4fbf-9309-9fbfa2090247,4.445296997856349,4.271730791218579,4.309116685520857,1.340297860489175e+22,1.1188363657666463e+21,9.246563699726732e-08
10f1a925-f322-4cfa-ba24-71aa3deb2263,4.419887284096331,4.375816135481,4.387681082393974,3.4045225144940096e+23,4.010801849507245e+21,1.7786939782344584e-08
beacf6b8-0ac9-4f41-88b5-acdb81cb5ba1,4.270881350710988,4.324410274531693,4.264663297478109,8.783297929868443e+22,5.841137898629332e+20,2.1175790025530215e-07
b7e292a8-a2d1-4b74-81ab-5f0896e51283,4.233902591932565,4.418622109852731,4.337450033631176,3.516678626398589e+22,5.325552430826417e+20,4.27523250097995e-07
1cb9cd2b-1c3b-4ab1-a450-73c2cd463294,4.381867112405598,4.282768011186272,4.477225736621768,8.84911560047397e+23,8.033396974172593e+21,4.999004630876837e-08
752ce9b5-7812-4162-8b82-bdfa5aca1c60,4.483317165635526,4.478406013827771,4.236137537974864,2.262998408699494e+22,2.7804789990838035e+21,1.0521484828670045e-08
52c71362-21de-4d61-ba82-09e2005ad506,4.338413072470575,4.220786777883768,4.351030297707767,1.3751920940820266e+23,1.5385010110763136e+20,1.2275080742773073e-07
f1888bfd-3276-454c-88c3-8259bf2fca6b,4.349150726851076,4.462524566799402,4.314020481705666,6.873411898993212e+22,4.2475244724316144e+21,4.819353689765959e-08
92259c92-f45d-40cf-988e-acbf64c62aae,4.491325976327062,4.233009727578611,4.433737105689943,4.868255847176036e+23,9.874987624388061e+20,5.508576181575185e-07
b24d0b63-cdef-4403-9ebc-c548155de388,4.371587260812521,4.414569276664406,4.253348863907158,1.0681008431940443e+22,2.5611637762586146e+20,1.1036935087807224e-07
9d8c2c5a-6f8f-491f-b2a5-990686cad6e3,4.2254360566847025,4.288142815791071,4.396932527199388,3.1326945687707965e+23,1.6378781692608365e+21,1.2587008101510711e-08
aafb8797-fdb5-41d2-8fbc-0a86d12889a7,4.262287639640272,4.3823020189069215,4.470258920677007,1.04279478267416e+23,1.9643954798716151e+21,8.313859174019157e-08
b8aec47b-31a2-4eeb-946a-36814bd83ee3,4.409736604336649,4.321573804691434,4.342417337372899,3.079813764158258e+22,1.2108532463109693e+20,9.312492066948384e-07
e3be5399-b0b2-42d3-9d1e-2f8c0a01ac7d,4.453176630008966,4.4397055434063075,4.360345250070095,6.833549199534524e+23,3.258352394417263e+20,2.0414695248259368e-07
d7c9ed2d-a408-49f9-b8fc-7f8d74ba5684,4.312299139983952,4.256992466468364,4.224886549971997,4.699611031690669e+22,7.301262446959312e+21,2.2918321566617367e-08
aedf3b7c-f337-4e2d-aa67-9ccbb2e6137c,4.275459191109985,4.399116964358837,4.3746504681929945,1.994152123390252e+22,6.883076009969021e+20,1.494614929000913e-08
499606ee-20db-4f08-ae26-9cf05694a203,4.434059564396739,4.300522820837796,4.243000250458717,1.6123283114755448e+23,3.403537760840851e+21,1.7743747844337293e-07
11b48d23-b517-4ea2-b170-05b245778279,4.403073008358478,4.498781238868832,4.4515720859915024,4.132369512888278e+22,1.3124278675215533e+21,3.4151677095395364e-07
cb7bfbbf-8d60-4c20-85e2-215ea384a8b6,4.249908283632249,4.203348717000336,4.328554828949272,7.780315236788441e+23,1.7851811127822123e+20,4.063540135030814e-08
8ae0e85a-ed39-4156-a8ec-1ac06461555f,4.2117406306788325,4.446665481291712,4.271539928391576,4.151795546787163e+23,1.7409638239497935e+20,2.5725410995379884e-08
b2d21c5c-cc14-4d32-9d53-f109ece3f7db,4.366239737067372,4.254284721706063,4.411315105445683,8.050472035259227e+22,2.456869509272074e+21,3.006382173900088e-07
5fac253c-73ea-4b5b-bb4e-bb645c2ea392,4.470892841834575,4.356302972417325,4.300203598998487,2.0402546013597e+23,9.131711808413025e+21,6.331107339428384e-07
fa4a8e75-487f-400e-b210-0147b3d107b3,4.313626849092543,4.342157075554132,4.415095892846584,1.6381657573783232e+22,4.684865454406219e+20,7.382185372563001e-08
36fdc581-d87b-4485-9aab-3ed85ef788c0,4.321534610632807,4.456618572492152,4.385542886648327,4.364971171340208e+22,2.149607011336548e+21,3.916090394086016e-08
816ccc8c-8fc2-4777-9ba9-7d1c05ba6c54,4.462989740632475,4.245508121140301,4.264810167904943,7.13362959240785e+23,1.1065249672023594e+20,3.2977207821965093e-07
45c897d6-baef-4176-8b6d-3232e463d5ac,4.362414874322712,4.366292612627149,4.446206594090909,2.8091807992418102e+22,4.117355872623273e+20,1.594850534573818e-07
1de99c3d-a635-48dd-9d70-7f4e22d3fa4b,4.215560716856271,4.333343782927841,4.301606787610799,1.1084007753277557e+23,5.777992582896658e+21,1.3399996493237762e-08
b1d58beb-71f5-46e1-9800-7646fb8f60e6,4.253710206225515,4.3891755675897,4.2281435063295065,2.7675891551115832e+23,5.562488704551303e+21,6.635256711171865e-08
b4665411-ff91-4faa-a202-d914940cb245,4.399266604240983,4.309278500173241,4.357001265753061,1.0798610713501111e+22,7.540558547729659e+20,5.676189595524099e-07
7581468a-9dfc-4a8e-a99c-ab38ebac4123,4.426138014625758,4.488803293090314,4.338081033919007,4.223840380808189e+23,2.9044325139362814e+20,2.8972793768576324e-07
83004a2f-cdc0-4ba4-8219-11a9fec598a4,4.283385124057531,4.212141088396311,4.4745558035932484,7.075333456233573e+22,1.4443030911356347e+21,2.4840831816016126e-08
64862953-d641-4e98-99b4-a1bce92fff54,4.303818850312382,4.372374073415995,4.323757950421423,1.6731621655867048e+22,1.3777211220052025e+20,1.2154197649799827e-08
01fb5a1f-3b99-401f-b688-b4f5e7315deb,4.461661338619888,4.330343498568982,4.4564242629148065,1.7882158087622724e+23,3.1046328794783553e+21,1.0636401082195445e-07
94210b83-60b0-43b0-9cdd-addaa145a5a2,4.412961476482451,4.429741048905998,4.246844242978841,8.074867151743579e+22,8.345055617692464e+21,4.938745037372524e-07
f5d3d26f-b6d3-45ae-8400-b64ee660bd5e,4.259058321733028,4.2657988524064425,4.370877643208951,3.705161365768926e+23,5.126480847785877e+20,4.33173174409813e-08
cea9d05b-85a5-441a-8fe4-ee66e3cb6c3a,4.2222249012440445,4.472472789790482,4.428025464285166,8.335313530866316e+23,6.069480265113638e+20,2.0547457371240193e-08
138bbe4c-21e7-44a8-b78e-38aced7faec5,4.374793675448745,4.224228839948774,4.287234111111611,3.7314835768910845e+22,3.859774770002242e+21,1.8349220592053133e-07
bbecf370-c103-4da6-918b-d5d7b5a4fd19,4.499829134624451,4.424554048664868,4.399337936695665,1.696394562818079e+23,1.0021906049899155e+21,8.992239197979822e-07
46e87d92-a157-403d-a677-9343c2b8d9be,4.340652264654636,4.2793252361007035,4.283429573271423,1.8334181991694171e+22,2.3378045755988237e+20,8.01218057769416e-08
f81034bf-e49f-4214-a4cf-77fd348df8e7,4.332857930101454,4.408636982459575,4.451456989683211,5.156743469279145e+23,6.567720689177425e+21,2.3566009465655814e-07
5069381a-9074-4636-9ab9-10c6c93b7db2,4.488867647666484,4.291585807688534,4.330724734887481,6.492305167478563e+22,3.621893032482984e+20,1.983374882068744e-08
07fe128a-950a-4660-a623-f73ccffdd445,4.383338783774525,4.468457578495145,4.3821285997331145,2.533828515524972e+23,1.2521848706800108e+20,9.597395404629909e-08
e9c37aa5-fff9-49cc-b571-e20b3ef66502,4.232435697130859,4.229568025376648,4.237529321126639,1.3213342300350148e+22,1.8994890102299018e+21,8.059267164278003e-07
13c34b4b-ab3b-41e0-b011-2f424f6ab268,4.269432619493455,4.436262551508844,4.2942644031345845,2.472665940998194e+22,1.694269349267733e+21,1.2740874184924837e-07
fe61d098-a92a-4202-8936-019df3a63f04,4.421340496838093,4.2629247606731955,4.423121636621654,1.2980716132413075e+23,2.4758320040744626e+20,1.089311688432355e-08
e512ab49-cf86-4cfc-8fbc-f0e71a6fe3e5,4.450865928456187,4.385743721108883,4.274178096987307,5.1234153535461485e+22,8.885326247671459e+20,5.5632929805419946e-08
2105e0df-917e-43fe-b358-5a90ed0537db,4.295861002709716,4.3156407929956915,4.410652400776744,6.264978705477591e+23,4.7201221222937993e+21,4.767177748104873e-07
054f4f74-5221-485b-9dab-7c63fae754a2,4.291980584152043,4.495193193107843,4.259811620339751,1.494835278437948e+23,4.530229263125756e+20,7.314589750499379e-07
040f3e71-5bc5-4a7d-9e0c-3fecd661cc71,4.436289299000054,4.209135385137052,4.392477468885482,2.149605987978143e+22,9.443746872621109e+21,6.39758890264302e-08
faf418ba-2146-49db-9fe6-37121457e9c8,4.3913852878846225,4.402706581447274,4.3128900102898475,9.794809123079931e+23,2.731274658906699e+21,2.972215025097706e-08
7514df17-4fcd-462b-8957-9b892bc6fb29,4.242844842933119,4.294737151823938,4.436922882646322,3.280738744818072e+22,1.5662178848147236e+20,2.605452965201973e-07
5de77e46-b22c-4b7e-8d2f-ef8e62b5ac31,4.204824818205089,4.3505163042806085,4.3639992935583,9.847425502673099e+22,1.984017345523528e+20,3.945753260488367e-07
66ad5c0e-a615-4419-825c-017a9e8b3ff7,4.354406674951315,4.3457451213151215,4.223208466321229,3.3959684456124255e+23,1.1810223000946438e+21,3.5216288942511886e-08
d8f6ae44-4a6a-4368-b3cd-5d85e86d4282,4.47326791472733,4.452451150305569,4.465335599705577,1.5300928428562056e+22,3.2902561798367457e+21,1.726790406416872e-08
6034a6d5-82c0-489e-97a2-901059ae8f6e,4.330000612791627,4.250695104617626,4.34942770216614,2.1856653202248473e+23,7.120307402503849e+20,1.5377182022147873e-07
300082b5-7dab-4c1e-a68c-1f4ec55c4e8c,4.329584426712245,4.350772836618125,4.463523874431849,1.3352815352888506e+23,5.535532868402602e+20,8.12908296124927e-07
daf4b1f9-a552-45f3-8df8-c4fd0704b3af,4.473392453044653,4.345928693655878,4.31867068182677,2.236930962856582e+22,7.527388609828168e+21,9.610376543949198e-08
c3f5d219-2277-4de0-9d97-013ce5dfc926,4.3543650705367325,4.452780933212489,4.369804771281779,8.74964024510503e+23,2.903026990154895e+21,1.9960649402100708e-08
12c569fe-fbfa-4cca-9f18-61d7e23142cd,4.205157998856158,4.251098410785199,4.249834242984653,3.4136580375579474e+22,1.4350833157470282e+20,2.365103566941737e-07
146d05bb-a9e6-4e97-9b67-3c9fb544d00c,4.243307556398213,4.494424190092832,4.290321433581412,8.885802842433091e+22,2.165202998344242e+20,4.754719412846388e-07
df63ed21-9b66-46de-bb65-4e1d11950d5c,4.391216868627817,4.20829342994839,4.427049666866661,3.5062214561161965e+23,1.1111322427737204e+21,5.533371854893011e-08
709fec0e-57ac-47e2-a168-c022c9b4a34a,4.436540652159602,4.401717859134078,4.278375902622938,1.3807231344128242e+22,4.128113998081835e+21,1.0889093772258788e-08
7780e99e-4612-4a8f-a41b-3d578aa9776c,4.291434865258634,4.293821962829679,4.406471394114196,2.2563897117167077e+23,5.82728421059496e+20,1.2643874377118118e-07
3742e691-73d9-4151-aeea-e0a6ecc3b219,4.295755300205201,4.435859485622496,4.263737791888416,5.365846572042642e+23,6.07251719552906e+21,2.6075143625636037e-07
393d0124-fc9a-47f3-a59d-99d34022685d,4.451263202726841,4.26259464584291,4.388532390743494,5.799752016563311e+22,3.884500675516212e+20,2.9929134913147746e-08
49486234-6bb2-4358-8fa7-5d4acca991fe,4.4210250120609995,4.385560373403132,4.308706895038486,2.636674868926333e+23,1.00705179980027e+20,6.417057735047062e-08
4d8b10b7-b8f4-46b6-abff-8ac98015cd42,4.269456460978836,4.31538391308859,4.441118829585612,1.1802551687535634e+22,2.3419340170104545e+21,7.348975724933154e-07
45b51edc-3ada-4f3e-9f26-8d2f0c9293ad,4.232622974552214,4.409552411735058,4.35194709919393,2.552760958510355e+22,1.374155965455291e+21,1.528586231498227e-07
1c684e78-2c26-48ee-8496-e05e022922bd,4.382857145089656,4.2925741980783645,4.235277459658682,1.1713956745552181e+23,3.0783216660929236e+20,1.719374160577224e-08
4f9956f9-1299-46d2-88f1-08af44502e73,4.489431075844914,4.469299758318812,4.477642630152404,5.289577800813647e+22,8.284807346354831e+20,3.492856557657991e-08
edb6bec6-fd94-411b-ac4e-58d1696e2dda,4.332588791660965,4.230336680822075,4.337105732411146,5.652979658300886e+23,5.105320745803606e+21,3.9376550891358276e-07
4f32f918-a657-47a3-baf6-83953f114922,4.341205279156566,4.472289475612342,4.397593934219331,1.620661544952323e+22,1.6910743931529452e+20,1.3389397474986762e-08
62a1bcf8-18f2-4530-9f24-9cef3d176f7d,4.499567910935729,4.223971993569285,4.2527402137406165,1.9815993596034788e+23,2.463490559221043e+21,1.5838214793446385e-07
a35ab293-bd9d-4a33-83c7-1f5d22af0b71,4.374991420190781,4.424151016306132,4.433898602817208,7.821228029212685e+22,8.829856975887306e+21,3.287715313741819e-07
af595704-406e-47a3-bd77-72dfdef06b7a,4.221735437214375,4.278995154798031,4.313927610572428,4.106278647872123e+23,4.718506249565977e+20,3.897767479724832e-08
51551516-829d-44a5-8e24-87c53e180f82,4.2587324366904795,4.373216291237623,4.2242164359427985,8.010475851714501e+23,6.594132950639419e+20,2.4989210132229047e-08
37e5b792-6a8e-4338-a49f-05ae125a564f,4.412993210367858,4.33111219201237,4.360945135112852,4.177072912444961e+22,3.6476542107639454e+21,2.9097791241863023e-07
788d9be4-12a4-4aec-95c2-acddcfc99d73,4.461566125787795,4.430656516179442,4.3422629403881725,1.6302282432298893e+23,1.2630432637721651e+21,5.722943167476637e-07
42a73d61-eacb-4d0e-aca7-a74d9c986139,4.3042082858271895,4.266787280794233,4.4703589578159155,2.0525667625907517e+22,1.904717692893353e+20,6.648907325735501e-08
3572ad13-50b5-4398-aaed-66b193f3e3be,4.283628656342626,4.389505388494581,4.327699959147721,4.837358755911047e+22,1.9964486347504775e+21,4.2945332351960644e-08
6d27695f-253c-428d-a029-1deacc7cc183,4.425602767523378,4.309681844338775,4.452495085876436,6.909296858512173e+23,1.1814484738342468e+20,4.932069328672087e-07
ef9bce74-b3a6-47e3-93a3-c8580e45df83,4.399737227987498,4.489059863425791,4.242645290549844,3.113077888698413e+22,3.296534913908983e+20,1.0568787013702057e-07
746fc844-34b0-4616-833b-915d5bf2be45,4.25353136882186,4.212324698735029,4.375057689044625,1.0736614928306921e+23,7.155858466838646e+21,1.2110494623318725e-08
a3ceb111-87e6-45fc-a327-f8070c52ffc4,4.215511269215495,4.455629883706569,4.415957370754332,3.098297639434326e+23,4.4912002482132495e+21,8.033177433557994e-08
295b9256-3b13-4105-8c9d-a9aa2886d19f,4.3627585401758555,4.244592965673656,4.299287265334279,1.0377034629768586e+22,9.417975155988962e+20,9.04086006213966e-07
1d43fd41-59a7-45a5-8617-97917c1a7599,4.462581451423466,4.36552364313975,4.411660866308957,4.7283787562596505e+23,2.7203803104184068e+20,1.8356002460664179e-07
002b9347-3d29-4d68-8202-8ffd1d4fc245,4.321648753155023,4.332501861266792,4.271123442631215,6.7998518105207155e+22,1.55512717994501e+21,2.070508812798639e-08
846a13b2-da55-454e-a39b-d6a2fe1c3003,4.313145994953811,4.446848925109952,4.30195055950433,1.7809898175053429e+22,6.475624212312629e+20,1.2569987324072589e-08
8c6e4ec2-16ab-437f-9eb8-fc99e5ab2223,4.471079759392888,4.254541116580367,4.445788121297956,1.6780037013582016e+23,3.714414857709556e+21,1.0942137991717859e-07
e60deab7-c906-4f2d-bc52-d19964919d05,4.365969814080745,4.356706134416163,4.265669654905796,3.6899933320556543e+22,1.0741167256756511e+21,5.488777953194077e-07
3fc459f6-4a8d-4763-9e14-72c9b2232a85,4.212304418720305,4.342486705351621,4.384624567888677,8.099234690492389e+23,2.2397398248289065e+20,4.788720381953327e-08
b56c4d9b-1693-4897-b8eb-3783ae257e96,4.250306346919388,4.3982751533389095,4.474202820062637,3.7457060575419036e+23,1.3876599916754903e+20,2.3042278439093037e-08
bb775450-9210-46bf-b71a-cae82b8bb4d9,4.402966950461268,4.2997539709322155,4.338490236960352,8.312714760371824e+22,3.0021329605585163e+21,2.0468205580340542e-07
42ad04ba-837c-464e-a7dd-89820622a81b,4.434082616865635,4.497866178397089,4.3561483742669225,1.8403705612877413e+23,8.367270569621174e+21,9.383928123161303e-07
00de4720-8983-4a30-9078-d3e21c7cdaf3,4.2751440617255865,4.2023601321503525,4.229068486467003,1.691946388370423e+22,4.979368203944968e+20,8.316918277412351e-08
0a2b98e4-3b08-4a9b-ae29-54a77d47e882,4.31212993171066,4.381972041539848,4.370721259191632,7.1548886740459955e+22,5.281257013101286e+21,4.035441279109035e-08
f1ef55c5-627e-434b-9a74-a0f2cdce0e1d,4.453639698866755,4.321170867327601,4.246942291148007,4.3469582536847015e+23,8.009095301237583e+20,3.412472028590653e-07
86306fd9-95e3-4128-8c3d-3638d5eb1b82,4.409191674459725,4.439448816608637,4.455752163790167,1.11164974296736e+22,2.770119860545368e+20,1.7660697903400098e-07
bd02ddd9-8e6c-4978-929d-014cd548016d,4.262538637407125,4.256809262931347,4.324355844557285,2.797921738764355e+23,1.5272048744823361e+21,1.490079366070628e-08
e0fdabba-babb-44f0-8e8d-e9b9cb97a78c,4.225559810455889,4.463512804079801,4.283593052588403,1.0769894729742557e+23,2.1068575825212922e+21,7.414022162475043e-08
9f887b70-44d8-4954-b554-ad2c85146f2c,4.371171434596181,4.233925012685359,4.399247041940689,2.777992790209521e+22,1.1195332639915781e+20,6.368920573708755e-07
467654b4-d390-4143-b341-17d484cf3326,4.491659941524267,4.415337794646621,4.287897498384118,7.056413200700673e+23,4.01725360886889e+20,3.012568812896167e-07
56f561ac-e169-478b-b5ac-e9c4e32dc8bb,4.349108762573451,4.288984867092222,4.427418792434037,4.240078548964643e+22,5.872052153719713e+21,2.593734847639097e-08
764047e1-fa99-4562-935e-dbc65ab05b5c,4.338757241237909,4.418365421053022,4.237944224718958,2.1601482257072838e+23,1.979237688615418e+20,6.605436165090522e-07
df9db869-cc67-4838-8cad-05f4d2e11d2e,4.48326707649976,4.282584845647216,4.381782314386219,1.4859208323108908e+22,1.2155311418230912e+21,5.753223684185249e-08
0d4a3551-0c47-403f-9619-af7cf5c88bd3,4.381980752013623,4.4780760744586585,4.331639548372477,3.2970035821126175e+23,3.2677215247004425e+21,2.884312170214531e-08
159aa7c4-ac16-4e6d-8412-9aae032f7977,4.233494944218546,4.220383878517896,4.450594925303013,9.735194234965084e+22,7.361596992972445e+20,2.5178427945636166e-07
70a673ff-b8a8-4552-a075-098a806e0263,4.2703466020524505,4.427066825330257,4.410244589578361,3.3783228511301457e+22,4.2258297273255756e+20,3.7947565833743647e-07
225485fc-52bb-47d1-b78b-201d937d8e0f,4.420130170416087,4.272572876047343,4.27453154059127,9.910343204711143e+23,9.86034352680972e+21,3.3727527101305664e-08
a0faaecd-afef-4061-9f5d-36cd8ec6f0c6,4.445117662008852,4.376804406289011,4.422198108378798,2.174350513506461e+22,2.559164101859355e+21,1.545407856699437e-08
e05c5ae6-a594-42f5-afd3-73a3922bde6d,4.3019055861979725,4.3253255931660535,4.295117694642395,1.539731366209726e+23,1.627911528956629e+20,1.370462711047822e-07
5b8ca16e-0714-4a6e-b538-be1c90a42314,4.285866410750896,4.485618087463081,4.436822321023793,6.453032335681101e+23,1.7359392969447876e+21,2.1204466664655525e-07
2b53ccaa-965e-4164-976b-9240fba972c6,4.442113887704909,4.218257636670024,4.313042825106532,5.182480341601691e+22,2.4367741755389857e+20,1.794103428361914e-08
9e4f882f-e0cf-4b11-a2ca-2c856ba33b96,4.392665785364807,4.392948449682445,4.391876997370273,1.31340524558443e+23,9.063380317596522e+20,9.279920223398274e-08
ecbbd77c-e4af-43c9-9b28-d9088a9e9a49,4.241853974852711,4.303749619424344,4.260480214189738,2.5461708638935136e+22,4.666750216904941e+21,7.834074858039481e-07
fb3db99b-7606-4ebb-b99e-9f1594fc8d35,4.203686244785786,4.359590705204755,4.349519056994468,1.306297148460923e+22,6.88833895543123e+21,1.22090548256394e-07
7ef1b93e-7ab7-499e-b497-ff1436e7663d,4.35583243696019,4.335943637229502,4.465173512231559,2.4599460709069538e+23,3.4244402597351784e+20,1.0493971154307174e-08
621de701-adbc-4318-bd51-82c4a820da16,4.478947231080383,4.461562108621001,4.22381553819403,6.304772745392703e+22,1.3191899264846039e+20,4.9609539929308335e-08
558107fb-4944-4838-a090-93f61e130cf3,4.324034134671092,4.241149904485792,4.363337358180433,5.096626692736759e+23,1.7878034225300376e+21,4.2736558923027944e-07
8efa70c9-36f8-4337-b590-7faf83e12631,4.325698947161436,4.496004480309784,4.234153475519269,5.012862418243875e+22,3.8329196604168743e+21,1.4520773408948223e-07
c94843d1-66d9-4e95-96d1-782cb73f7eae,4.477276663016528,4.200848623830825,4.353108835015446,6.187240555734638e+23,6.220092549281245e+20,1.6860806020794532e-08
58a46e20-15cd-410c-8eff-bca7e2fd94d0,4.3575390226207675,4.401027633156628,4.335434332657606,2.41943825740997e+22,2.3109137057219147e+20,3.565583226873339e-08
4936c3dc-f70b-4d6e-bb7c-8178bfb7a6e7,4.2019853521138435,4.3027101550251245,4.479272435884923,1.2818970500778913e+23,1.0315689147892788e+21,4.1494986817204355e-07
6594a7ad-d5e5-4f4c-828f-e372f6109495,4.2388358627446,4.358212502393871,4.389696150887758,2.409043414757538e+23,3.1267833444090365e+21,2.661806017652955e-07
1e583e59-5576-4f98-9d1e-a8629e0e9d59,4.395687292702496,4.34434326197952,4.2626157507114115,1.2454721678933053e+22,1.3445677602822842e+20,3.153931283564096e-08
0e1d8278-a802-4647-89a7-76614dd988f5,4.439128389023244,4.443887581676245,4.442750582154841,4.9032167593721324e+23,5.185474223066177e+20,6.095869308691704e-08
96f7e70b-1a43-47d0-beb3-3aa03c36e33b,4.288848433736712,4.251783478539437,4.307037515733391,6.119023741205814e+22,8.106147865416416e+21,7.206674105851638e-07
e7086d04-b431-45c2-8bca-0270388b24a8,4.298883466422558,4.4126756432466205,4.424363136086614,1.4568108533342766e+22,7.762558836468203e+20,4.657739548537374e-07
46276753-df34-4ce5-9b9a-86762d81abaf,4.448136306088418,4.285940482467413,4.292966370340436,2.0618809579589157e+23,5.498989322662309e+21,5.2508763787193634e-08
13d41d4d-894e-4026-bec2-648e92c2272b,4.417148679401725,4.4653185060247775,4.404332278948277,9.376289227179953e+22,1.4799612141691745e+21,1.1462834893670412e-08
024201f1-ecfe-44ae-addd-47138330d9d5,4.27333148829639,4.235494966898114,4.28055276947096,3.2034702537741146e+23,2.8839714195346696e+20,1.28935379207861e-07
db8434e3-ef13-4dc8-98a8-f729b452b31a,4.235164908785373,4.442498341575265,4.321317561548203,9.575211163335671e+23,1.0750542084996928e+20,8.557398383212217e-07
b03ecde0-12c6-4868-bafe-48840f2d3368,4.380316480435431,4.259476555790752,4.4608393679745495,3.235536652585602e+22,2.174687267249905e+21,9.800144241446558e-08
8987ab12-aaf8-414d-82bf-a97a01dd64ce,4.4849685100838546,4.380407246667891,4.25201313028112,1.4614496254856358e+23,5.637861175279977e+21,1.9553515013692928e-08
9f6cdc9e-095b-4256-91c2-966b80a1a443,4.337050052080303,4.319370323605836,4.36766760295257,2.119802409240678e+22,4.1460756556497584e+20,2.2443583697778574e-07
